x_nm	-77.5	-72.163	-61.3179	-53.3867	-47.5866	-43.3449	-40.2429	-37.9744	-36	-34.0256	-32.0513	-30.0769	-28.1026	-26.1282	-24.1538	-22.1795	-20.2051	-18.2308	-16.2564	-14.2821	-12.3077	-10.3333	-8.35897	-6.38462	-4.41026	-2.4359	-0.461538	1.51282	3.48718	5.46154	7.4359	9.41026	11.3846	13.359	15.3333	17.3077	19.2821	21.2564	23.2308	25.2051	27.1795	29.1538	31.1282	33.1026	35.0769	37.0513	39.0256	41	42.9744	45.2268	48.3004	52.4942	58.2168	66.0252	76.68	82.5
-80	2.2529	2.59581	3.52403	4.53399	5.53565	6.45604	7.25533	7.9136	8.55189	9.24983	10.0164	10.8494	11.7753	12.7816	13.8805	15.0865	16.4106	17.8422	19.4144	21.1226	22.975	24.9736	27.1454	29.4791	31.983	34.6684	37.5083	40.5389	43.7154	47.0501	50.521	54.1014	57.7725	61.5317	65.2549	69.0086	72.6741	76.248	79.6373	82.809	85.7514	88.3455	90.5972	92.4271	93.8464	94.8151	95.3159	95.2996	94.8734	93.7959	91.4219	86.6595	77.974	63.9745	45.1693	37.3121
-70.1998	2.41064	2.80456	3.87838	5.07468	6.2838	7.41483	8.41132	9.23941	10.05	10.94	11.9284	13.0238	14.2408	15.5863	17.0783	18.7353	20.5741	22.6121	24.8709	27.3904	30.1736	33.2761	36.7054	40.5122	44.735	49.4094	54.5596	60.2678	66.5418	73.4059	80.9423	89.1197	97.9768	107.47	117.596	128.211	139.243	150.573	161.925	173.083	183.695	193.53	202.304	209.65	215.282	219.155	220.955	220.802	218.607	213.853	203.887	185.354	155.135	113.983	70.0818	55.3319
-54.2134	2.454	2.88112	4.09363	5.54149	7.0995	8.63737	10.0504	11.2787	12.498	13.8878	15.4856	17.3065	19.3764	21.7614	24.5062	27.649	31.2437	35.4086	40.1984	45.7061	52.0614	59.3942	67.8503	77.6231	88.8748	101.941	116.944	134.236	154.227	177.272	203.771	234.153	268.933	308.489	353.161	403.187	458.296	518.276	581.998	647.868	713.729	776.911	834.331	883.027	919.87	942.979	951.187	944.347	923.284	883.818	809.621	686.255	513.381	321.877	163.454	118.782
-42.6002	2.3652	2.76167	3.92659	5.3612	6.96703	8.61898	10.1742	11.5651	12.9742	14.6424	16.5955	18.8724	21.5498	24.7281	28.4743	32.927	38.2289	44.5578	52.1162	61.1711	72.0785	85.2519	101.137	120.339	143.581	171.735	205.894	247.323	297.556	358.582	432.618	522.259	630.809	762.054	920.238	1109.54	1334.28	1596.8	1897.23	2230.38	2585.52	2944.19	3281.7	3570.55	3785.27	3905.64	3923.16	3840.27	3669.47	3392.06	2925.04	2250.25	1464.36	773.075	325.086	209.485
-34.1639	2.25509	2.60218	3.64604	4.94186	6.41891	7.95211	9.44992	10.7948	12.216	13.8921	15.8676	18.2591	21.1388	24.5941	28.7772	33.8473	40.0644	47.6539	56.9969	68.5383	82.918	100.88	123.528	152.211	188.574	235.137	294.893	371.799	470.905	598.656	763.65	976.407	1250.51	1603.21	2055.62	2634.62	3373.3	4306.54	5466.7	6866.38	8480.25	10221.8	11940.5	13435.4	14509.6	15014.5	14903.1	14229.1	13124.1	11536.7	9180	6279.07	3515.48	1568.42	547.77	305.042
-28.0354	2.16468	2.46784	3.39481	4.53943	5.83987	7.20669	8.55549	9.79516	11.1213	12.7383	14.6645	17.0547	19.9515	23.5515	27.9155	33.2877	39.9039	48.0595	58.2341	70.9066	87.0492	107.68	134.208	168.981	214.882	276.108	358.609	470.895	624.638	836.492	1129.87	1536.83	2101.15	2881.33	3955.69	5427.8	7434.9	10159.4	13824.9	18651.2	24720.9	31798.8	39182.3	45746	50245.5	51817.4	50315	46291.6	40698.6	33570.5	24304.7	14653.4	7082.9	2691.12	784.84	381.734
-23.5835	2.09703	2.36673	3.20815	4.22542	5.36758	6.57391	7.76414	8.9418	10.1818	11.7402	13.6487	16.1315	19.1848	23.0506	27.8439	33.7419	40.9607	49.6677	60.577	74.1267	91.3723	113.585	142.685	181.445	233.841	305.793	405.95	547.78	751.219	1046.94	1481.97	2126.91	3089.58	4530.04	6679.09	9862.52	14525.7	21281	30983.8	44758.4	63582.7	87347.8	113713	137730	153333	156399	147055	128992	107065	82171.9	53824.7	28683.5	12093	3954.11	981.871	432.215
-20.3494	2.05173	2.29845	3.07396	3.99489	5.01334	6.09282	7.19815	8.23708	9.43682	10.9526	12.9703	15.5737	19.1734	23.6489	29.333	36.2197	44.378	54.0384	65.8523	80.3724	99.0406	123.102	154.705	197.705	256.549	339.287	457.05	628.384	882.418	1265.08	1852.92	2765.67	4208.78	6510.88	10214.5	16160.4	25610.8	40317.7	62590	95809.1	144248	210001	287776	360846	405691	406526	367128	304849	237711	169311	100593	47879.7	17858.7	5115.53	1114.94	461.813
-18	2.01918	2.254	2.9844	3.84456	4.76194	5.75076	6.74651	7.75962	8.89889	10.3744	12.5635	15.4531	19.6606	25.366	32.5484	40.7803	50.0003	60.8	73.4256	89.1764	109.315	135.525	170.428	218.019	284.551	379.134	516.829	721.417	1032.22	1513.75	2275.56	3498.41	5505.25	8848.64	14521.7	24277	41092.6	69772.1	115853	184818	289227	440070	630600	816948	925730	906920	782695	613522	449407	297906	161988	69892.6	23473.6	6031.87	1191.46	478.425
-16	1.99937	2.22379	2.91404	3.7202	4.5521	5.43504	6.32222	7.25976	8.36189	9.8966	12.2292	15.6212	20.7732	28.5362	38.7938	48.2538	58.6879	70.2505	83.7816	100.788	122.513	151.603	190.457	244.286	320.444	430.14	592.638	839.536	1222.84	1833.59	2822.05	4461.34	7225.74	11988.1	20399.7	35714.1	64184.4	120157	221422	357820	567505	893465	1.34383e+06	1.81442e+06	2.08121e+06	1.97629e+06	1.60869e+06	1.17654e+06	802758	492699	245102	96176.6	29219.2	6796.06	1234.09	488.725
-14	1.97769	2.19101	2.84879	3.60706	4.35844	5.13608	5.89557	6.75879	7.79053	9.34647	11.8697	16.0539	23.0591	35.1184	55.0397	60.8391	72.9489	84.273	98.4814	116.694	141.274	174.043	219.495	282.69	373.485	507.314	709.039	1021.89	1520.75	2333.59	3684.11	5979.64	9937.27	16876.4	29359.1	52763.6	98076.6	216102	517166	786747	1.21526e+06	1.95791e+06	3.13877e+06	4.52719e+06	5.33205e+06	4.80537e+06	3.57735e+06	2.37569e+06	1.47864e+06	826867	371724	131143	35647.1	7468.1	1250.64	495.99
-12	1.95298	2.15521	2.79296	3.49092	4.1825	4.8433	5.46766	6.20667	7.17439	8.7081	11.5504	16.6875	26.7933	49.5431	123.018	69.0631	96.9869	103.864	117.322	138.35	167.82	208.97	267.201	350.526	473.078	659.256	947.221	1404.26	2150.99	3389.07	5476.01	9036.43	15128.1	25525	42875.6	70455.5	116438	350050	1.62493e+06	1.95656e+06	2.85037e+06	4.66103e+06	8.1345e+06	1.30079e+07	1.62309e+07	1.3315e+07	8.6554e+06	5.04536e+06	2.7987e+06	1.40248e+06	561530	175359	42160.8	7947.83	1236.54	499.877
-10	1.93614	2.12973	2.74265	3.39968	4.01195	4.55216	5.03702	5.59993	6.425	7.97406	11.0482	17.4634	31.7825	82.3998	28.8728	21.0717	23.7489	20.0099	22.9324	27.688	34.4498	44.9311	60.4993	85.5399	126.051	194.227	310.642	512.038	863.799	1479.13	2547.66	4376.36	7413.13	12120.3	18711.2	28334	127771	536783	506942	4.87066e+06	7.03154e+06	1.2075e+07	2.37296e+07	4.44487e+07	6.32527e+07	4.32623e+07	2.29115e+07	1.12425e+07	5.41279e+06	2.38526e+06	833724	226115	47698.2	8136.6	1191.45	500.984
-8	1.92098	2.1096	2.70043	3.32426	3.86889	4.28225	4.61179	4.97128	5.52866	7.01117	10.4088	18.1828	30.4197	10.1433	9.39919	0.745605	3.97648	3.68839	4.40157	6.11823	9.25842	14.6421	23.9894	40.3027	69.0535	120.147	211.31	374.59	666.95	1188.67	2113.46	3731.43	6509.06	11210.1	19207.9	33316.8	77973.3	195041	258314	1.64562e+06	1.68164e+07	3.49228e+07	7.9615e+07	1.86162e+08	3.54275e+08	1.69369e+08	6.66351e+07	2.62057e+07	1.05906e+07	3.99595e+06	1.18539e+06	274226	50828.9	7975.9	1121.36	499.82
-6	1.91008	2.09346	2.67089	3.25894	3.7457	4.04138	4.18829	4.30935	4.55605	5.718	10.0191	23.0114	4.4634	2.03481	2.93929	2.00827	2.8634	3.48837	4.44254	6.01512	8.71451	13.1978	20.7916	33.8392	56.592	96.7377	168.453	297.357	530.894	956.28	1734.13	3162.25	5799.53	10732.2	20201.6	38950	78198.3	161797	288562	455046	1.00739e+07	1.31396e+08	3.18217e+08	9.58781e+08	3.23963e+09	8.02425e+08	2.15072e+08	6.36266e+07	2.04326e+07	6.32132e+06	1.54154e+06	302884	50379.3	7495.82	1038.03	497.469
-4	1.90185	2.08165	2.65429	3.2107	3.64459	3.86077	3.81391	3.63037	3.48661	4.10494	12.9148	2.87434	2.88235	2.04568	2.4149	2.62563	3.16621	3.90968	5.02347	6.7767	9.57678	14.1379	21.6951	34.4103	56.3217	94.4642	161.872	282.542	500.759	899.048	1632.31	2996.08	5563.87	10489.5	20191.1	39900.9	81140.7	170279	362140	851670	2.97777e+06	2.18675e+08	1.54898e+09	5.85632e+09	5.09344e+10	4.61168e+09	8.02147e+08	1.5528e+08	3.58512e+07	8.61275e+06	1.71328e+06	296138	46536.5	6852.84	958.4	494.651
-2	1.89776	2.07571	2.63501	3.18027	3.58832	3.73022	3.56937	3.12095	2.46628	1.63326	0.798561	6.56933	2.73089	2.2922	2.49311	2.86976	3.44393	4.27057	5.50926	7.40917	10.3865	15.1258	22.891	35.8407	57.8037	95.7821	162.356	280.999	494.442	883.34	1599.96	2934.66	5457.73	10320.2	19933.8	39542.2	80948.5	172211	385122	957354	2.95968e+06	3.22389e+08	5.2517e+09	5.78033e+10	4.84001e+09	5.71655e+10	3.27765e+09	2.99387e+08	4.54329e+07	8.67262e+06	1.54742e+06	261054	41671.8	6297.85	900.854	492.529
2.97785e-14	1.89715	2.07426	2.62502	3.16858	3.56662	3.70055	3.4732	2.95191	2.12429	0.975121	0.0785307	0.516743	2.03718	2.31066	2.54548	2.95382	3.54535	4.41266	5.69474	7.6353	10.7114	15.4972	23.3945	36.4536	58.5271	96.5783	163.087	281.295	493.722	880.162	1592.36	2917.94	5424.42	10255.2	19801.7	39252.3	80317.9	170884	383268	944187	2.72601e+06	9.75324e+06	1.11723e+09	1.89363e+10	2.52627e+11	1.47224e+10	1.29403e+09	1.72819e+08	3.27673e+07	6.98744e+06	1.34828e+06	239253	39429.1	6078.44	879.919	491.711
2	1.89839	2.07642	2.62979	3.18063	3.58922	3.74375	3.5634	3.13771	2.47747	1.61215	0.797991	6.54721	2.73243	2.29072	2.48891	2.87217	3.43894	4.27144	5.52347	7.39756	10.3852	15.1131	22.9009	35.8411	57.8143	95.7832	162.388	280.962	494.503	883.316	1599.97	2934.65	5457.79	10320.5	19934.5	39541.7	80948.4	172212	385116	957356	2.95968e+06	3.2239e+08	5.2517e+09	5.78033e+10	4.84001e+09	5.71655e+10	3.27765e+09	2.99387e+08	4.54328e+07	8.67262e+06	1.54743e+06	261052	41672.3	6297.99	900.916	492.511
4	1.90225	2.08316	2.64763	3.20827	3.65283	3.84911	3.8209	3.65538	3.46661	4.0991	12.8838	2.86992	2.88239	2.04788	2.42012	2.62245	3.16384	3.89615	5.03727	6.77153	9.57412	14.147	21.6845	34.4253	56.2857	94.4014	161.909	282.562	500.72	899.134	1632.47	2996.22	5564.16	10489.5	20190.3	39901.4	81141.1	170280	362137	851667	2.97778e+06	2.18675e+08	1.54899e+09	5.85632e+09	5.09344e+10	4.61168e+09	8.02147e+08	1.5528e+08	3.58511e+07	8.61275e+06	1.71327e+06	296135	46536.7	6852.63	958.293	494.644
6	1.90979	2.09315	2.67403	3.25943	3.73925	4.03845	4.1963	4.28593	4.58658	5.74247	10.0206	23.0489	4.45756	2.03042	2.94212	2.0064	2.86014	3.48418	4.4385	6.01513	8.70846	13.2046	20.806	33.838	56.6062	96.7738	168.426	297.387	530.876	956.183	1734.07	3162.08	5799.41	10732.6	20202	38949.6	78197.8	161798	288563	455047	1.00739e+07	1.31396e+08	3.18216e+08	9.58781e+08	3.23963e+09	8.02425e+08	2.15071e+08	6.36266e+07	2.04327e+07	6.32132e+06	1.54154e+06	302887	50380	7496.11	1037.92	497.414
8	1.92131	2.10809	2.70126	3.32379	3.8687	4.27048	4.63851	4.94923	5.56018	6.99841	10.3986	18.1737	30.4351	10.173	9.40425	0.741683	3.96771	3.69046	4.38753	6.12762	9.25975	14.6456	24.0029	40.2832	69.0366	120.124	211.356	374.701	667.028	1188.87	2113.53	3731.57	6509.23	11209.6	19207.7	33316.9	77971.3	195040	258313	1.64564e+06	1.68163e+07	3.49227e+07	7.96151e+07	1.86162e+08	3.54276e+08	1.69368e+08	6.66351e+07	2.62057e+07	1.05906e+07	3.99596e+06	1.1854e+06	274223	50829.2	7975.52	1121.35	499.875
10	1.93561	2.12995	2.74352	3.40074	4.02076	4.54436	5.04975	5.60798	6.41192	7.98948	11.0119	17.485	31.7674	82.3366	28.9228	21.0579	23.7956	20.0067	22.9393	27.719	34.5092	44.872	60.631	85.4417	126.165	194.164	310.46	511.985	863.836	1479.04	2547.71	4375.94	7413.26	12120.6	18710.9	28335.4	127776	536774	506945	4.87064e+06	7.03156e+06	1.2075e+07	2.37296e+07	4.44488e+07	6.32527e+07	4.32623e+07	2.29115e+07	1.12425e+07	5.41277e+06	2.38526e+06	833724	226118	47696.6	8136.61	1191.62	501.019
12	1.95449	2.15776	2.7942	3.48991	4.18116	4.83023	5.4823	6.21314	7.16224	8.73455	11.4816	16.7194	26.7388	49.5435	123.001	69.0163	96.99	103.802	117.299	138.439	167.719	209.29	267.273	350.449	473.264	659.282	946.625	1404.63	2150.59	3388.38	5476.95	9035.92	15128.2	25527.2	42873.7	70458.5	116439	350046	1.62495e+06	1.95656e+06	2.85037e+06	4.661e+06	8.13449e+06	1.30078e+07	1.6231e+07	1.3315e+07	8.65538e+06	5.04537e+06	2.79869e+06	1.4025e+06	561540	175360	42162.3	7947.45	1236.46	499.877
14	1.97606	2.18996	2.8528	3.59745	4.36481	5.13079	5.89323	6.7577	7.77929	9.37187	11.8435	16.0879	23.0913	35.1586	54.9277	60.9492	72.8969	84.2203	98.5386	116.653	141.193	174.239	219.52	282.72	373.419	507.424	708.955	1022.2	1521.09	2332.63	3685.01	5979.54	9936.75	16876.7	29359.1	52759.9	98076.3	216105	517168	786754	1.21525e+06	1.95792e+06	3.13877e+06	4.52718e+06	5.33202e+06	4.80542e+06	3.5773e+06	2.37571e+06	1.47862e+06	826871	371727	131143	35645.7	7468.21	1250.71	495.915
16	1.9978	2.22065	2.91482	3.72243	4.56183	5.43359	6.30757	7.25054	8.35576	9.90525	12.1997	15.6032	20.8836	28.485	38.8309	48.2522	58.6761	70.2407	83.9083	100.78	122.468	151.615	190.375	244.345	320.342	430.145	592.588	839.518	1223.06	1833.25	2823.1	4460.76	7225.68	11987	20400.5	35710.9	64184.1	120154	221419	357812	567510	893462	1.34384e+06	1.81439e+06	2.0812e+06	1.97628e+06	1.6087e+06	1.17654e+06	802757	492694	245100	96177.1	29218.8	6795.77	1234.12	488.788
18	2.02004	2.25407	2.98493	3.83838	4.76124	5.74704	6.74938	7.70049	8.8994	10.3865	12.5812	15.451	19.6618	25.3097	32.5802	40.6889	50.0528	60.8424	73.4459	89.2508	109.108	135.588	170.193	218.048	284.535	379.272	516.626	721.39	1031.98	1514.51	2275.18	3498.64	5505.06	8849.16	14521.6	24279	41091.8	69770.2	115856	184820	289227	440064	630603	816932	925753	906900	782709	613515	449416	297908	161987	69891.9	23473.7	6032.12	1191.45	478.353
20.3494	2.05267	2.30023	3.07255	3.99854	5.00612	6.0998	7.19193	8.21641	9.44312	10.9647	12.9817	15.6249	19.1082	23.6995	29.3636	36.1483	44.3634	54.0988	65.8093	80.3664	99.0778	122.972	154.899	197.62	256.669	339.271	457.065	628.342	882.349	1265.38	1852.29	2766.42	4208.93	6510.66	10212.6	16160.4	25611	40317.6	62589	95807.2	144247	210001	287771	360853	405685	406530	367124	304844	237717	169312	100594	47880.2	17858.3	5115.52	1114.97	461.811
23.5835	2.09679	2.36764	3.20534	4.22181	5.36508	6.58178	7.78441	8.95059	10.179	11.7177	13.6644	16.1026	19.1781	23.0687	27.846	33.7557	40.943	49.6804	60.5691	74.0776	91.4163	113.582	142.733	181.491	233.864	305.771	405.96	547.776	751.231	1046.75	1481.77	2126.73	3089.7	4530.11	6679.97	9863.27	14526.3	21280.9	30982.3	44758.2	63582.7	87346.5	113717	137728	153331	156400	147055	128988	107066	82172.2	53823.5	28683.2	12092.8	3954.11	981.875	432.202
28.0354	2.16302	2.46614	3.39477	4.53621	5.83818	7.20602	8.54279	9.79956	11.1282	12.7415	14.6904	17.053	19.9584	23.5347	27.9116	33.2987	39.902	48.0836	58.202	70.9429	87.0463	107.624	134.195	168.979	214.929	276.131	358.695	470.985	624.552	836.303	1129.69	1536.93	2101.32	2881.47	3955.73	5427.72	7435	10159.8	13825.5	18651.5	24720.9	31799.6	39181.8	45747.2	50245.3	51817.9	50314.1	46291.5	40698.3	33571	24304.2	14653.1	7082.76	2691.13	784.872	381.749
34.1639	2.25571	2.60254	3.64624	4.94333	6.418	7.95802	9.44603	10.8036	12.2077	13.8858	15.8753	18.2656	21.1241	24.5971	28.7538	33.859	40.0463	47.6545	56.9844	68.5011	82.8864	100.917	123.56	152.188	188.65	235.2	294.882	371.708	470.788	598.655	763.612	976.337	1250.41	1603.08	2055.55	2634.53	3373.24	4306.78	5466.68	6866.23	8480.22	10222.2	11940.1	13436	14509.4	15014.3	14903.5	14228.8	13124.3	11536.6	9180.15	6278.98	3515.55	1568.49	547.786	305.071
42.6002	2.36569	2.76197	3.92638	5.36568	6.97139	8.61608	10.1745	11.5668	12.982	14.6443	16.5832	18.8766	21.544	24.7102	28.4713	32.9234	38.2211	44.5656	52.131	61.1996	72.1221	85.2746	101.139	120.364	143.576	171.73	205.897	247.339	297.581	358.61	432.593	522.348	630.855	762.045	920.256	1109.59	1334.29	1596.7	1897.14	2230.45	2585.66	2943.98	3281.63	3570.48	3785.33	3905.48	3923.42	3840.08	3669.74	3392	2925.12	2250.28	1464.39	773.037	325.059	209.471
54.2134	2.45342	2.88137	4.09415	5.54009	7.09833	8.6376	10.0499	11.2734	12.4997	13.8875	15.4897	17.3068	19.3846	21.7694	24.4975	27.646	31.2499	35.3949	40.1972	45.7122	52.06	59.3865	67.8562	77.5967	88.8661	101.888	116.904	134.268	154.243	177.277	203.768	234.184	268.929	308.485	353.226	403.159	458.323	518.275	581.926	647.856	713.728	776.848	834.386	882.98	919.86	943.047	951.223	944.276	923.263	883.772	809.639	686.244	513.385	321.883	163.459	118.791
70.1998	2.41082	2.80468	3.87737	5.07504	6.28444	7.41563	8.41316	9.23911	10.0451	10.9444	11.9317	13.0267	14.2395	15.5872	17.0745	18.7353	20.5716	22.6166	24.8762	27.3839	30.1784	33.2794	36.7088	40.5227	44.7375	49.4095	54.5752	60.2483	66.5336	73.4036	80.9459	89.1292	97.9781	107.48	117.57	128.218	139.25	150.607	161.925	173.073	183.677	193.546	202.302	209.632	215.305	219.13	220.986	220.783	218.622	213.851	203.887	185.351	155.135	113.982	70.0792	55.3304
80	2.25256	2.59556	3.52421	4.53448	5.53567	6.45704	7.25443	7.91379	8.55113	9.25515	10.015	10.8533	11.7737	12.7787	13.8826	15.0883	16.4017	17.8516	19.4157	21.1165	22.975	24.973	27.1368	29.4881	31.9837	34.6641	37.5273	40.5252	43.7196	47.0436	50.5364	54.0961	57.7769	61.5134	65.2638	69.0072	72.6734	76.2544	79.6313	82.8233	85.7419	88.3574	90.5731	92.453	93.8387	94.8111	95.313	95.3194	94.8688	93.8003	91.4196	86.6483	77.9773	63.9745	45.1686	37.3113
