lambda_nm	Fp	T	eta	Ploss
500	0.960386	0.992806	1.03376	-0.03242
502	0.962609	0.992965	1.03153	-0.0303553
504	0.964953	0.993121	1.02919	-0.0281683
506	0.967375	0.993276	1.02677	-0.0259004
508	0.969836	0.993428	1.02433	-0.0235918
510	0.972297	0.993578	1.02189	-0.0212812
512	0.97472	0.993726	1.0195	-0.0190056
514	0.977072	0.993871	1.01719	-0.0167995
516	0.97932	0.994015	1.01501	-0.014695
518	0.981435	0.994157	1.01296	-0.0127214
520	0.983391	0.994296	1.01109	-0.010905
522	0.985165	0.994433	1.00941	-0.00926875
524	0.986736	0.994569	1.00794	-0.00783247
526	0.988089	0.994702	1.00669	-0.00661251
528	0.989211	0.994833	1.00568	-0.00562179
530	0.990092	0.994962	1.00492	-0.00486983
532	0.990726	0.995089	1.0044	-0.00436275
534	0.991111	0.995214	1.00414	-0.00410337
536	0.991246	0.995337	1.00413	-0.00409129
538	0.991135	0.995458	1.00436	-0.004323
540	0.990786	0.995578	1.00484	-0.00479209
542	0.990206	0.995695	1.00554	-0.00548938
544	0.989407	0.99581	1.00647	-0.00640312
546	0.988405	0.995924	1.00761	-0.00751922
548	0.987214	0.996036	1.00894	-0.00882143
550	0.985854	0.996146	1.01044	-0.0102916
552	0.984344	0.996254	1.0121	-0.0119101
554	0.982705	0.996361	1.0139	-0.0136556
556	0.98096	0.996465	1.01581	-0.0155058
558	0.979131	0.996569	1.01781	-0.0174375
560	0.977243	0.99667	1.01988	-0.0194268
562	0.975321	0.99677	1.02199	-0.0214496
564	0.973387	0.996869	1.02412	-0.0234813
566	0.971468	0.996966	1.02625	-0.0254976
568	0.969586	0.997061	1.02834	-0.0274747
570	0.967766	0.997155	1.03037	-0.029389
572	0.96603	0.997248	1.03232	-0.0312178
574	0.9644	0.997339	1.03416	-0.0329394
576	0.962896	0.997429	1.03586	-0.0345333
578	0.961538	0.997518	1.03742	-0.0359801
580	0.960343	0.997605	1.0388	-0.0372621
582	0.959329	0.997692	1.03999	-0.0383629
584	0.958508	0.997777	1.04097	-0.0392681
586	0.957895	0.99786	1.04172	-0.0399651
588	0.9575	0.997943	1.04224	-0.0404431
590	0.957331	0.998025	1.04251	-0.0406933
592	0.957396	0.998105	1.04252	-0.040709
594	0.957699	0.998185	1.04227	-0.0404856
596	0.958242	0.998263	1.04176	-0.0400207
598	0.959027	0.99834	1.04099	-0.0393137
600	0.96005	0.998417	1.03996	-0.0383663
602	0.961309	0.998492	1.03868	-0.0371824
604	0.962799	0.998566	1.03715	-0.0357675
606	0.96451	0.99864	1.03539	-0.0341295
608	0.966434	0.998712	1.0334	-0.032278
610	0.968559	0.998783	1.03121	-0.0302242
612	0.970873	0.998854	1.02882	-0.0279813
614	0.97336	0.998924	1.02626	-0.025564
616	0.976004	0.998992	1.02355	-0.0229883
618	0.978788	0.99906	1.02071	-0.0202718
620	0.981694	0.999127	1.01776	-0.0174331
622	0.984701	0.999193	1.01472	-0.0144918
624	0.98779	0.999258	1.01161	-0.0114685
626	0.990938	0.999322	1.00846	-0.0083847
628	0.994124	0.999386	1.00529	-0.00526215
630	0.997325	0.999448	1.00213	-0.00212324
632	1.00052	0.99951	0.998991	0.00100949
634	1.00368	0.999571	0.995902	0.00411335
636	1.0068	0.999631	0.992883	0.00716576
638	1.00983	0.99969	0.989954	0.0101444
640	1.01278	0.999748	0.987137	0.0130272
642	1.0156	0.999805	0.98445	0.0157929
644	1.01828	0.999862	0.98191	0.0184207
646	1.02081	0.999917	0.979535	0.0208908
648	1.02316	0.999972	0.977341	0.0231842
650	1.02531	1.00003	0.975341	0.0252832
652	1.02725	1.00008	0.97355	0.0271711
654	1.02896	1.00013	0.971979	0.0288329
656	1.03044	1.00018	0.970639	0.0302545
658	1.03166	1.00023	0.96954	0.0314239
660	1.03261	1.00028	0.968691	0.0323303
662	1.0333	1.00033	0.968098	0.0329647
664	1.0337	1.00038	0.967766	0.0333198
666	1.03382	1.00043	0.967702	0.0333903
668	1.03365	1.00047	0.967907	0.0331723
670	1.03318	1.00052	0.968385	0.0326642
672	1.03243	1.00056	0.969135	0.0318658
674	1.03139	1.00061	0.970157	0.0307792
676	1.03006	1.00065	0.97145	0.0294079
678	1.02845	1.00069	0.97301	0.0277575
680	1.02657	1.00073	0.974833	0.0258354
682	1.02443	1.00078	0.976913	0.0236505
684	1.02203	1.00082	0.979244	0.0212135
686	1.01939	1.00085	0.981816	0.0185368
688	1.01653	1.00089	0.98462	0.0156343
690	1.01345	1.00093	0.987645	0.0125213
692	1.01018	1.00097	0.990878	0.0092144
694	1.00674	1.001	0.994307	0.00573169
696	1.00313	1.00104	0.997914	0.00209226
698	0.999392	1.00108	1.00168	-0.00168369
700	0.995535	1.00111	1.0056	-0.00557503
702	0.991584	1.00114	1.00964	-0.00955981
704	0.987562	1.00118	1.01379	-0.0136154
706	0.983491	1.00121	1.01802	-0.0177186
708	0.979396	1.00124	1.02231	-0.0218457
710	0.975301	1.00127	1.02663	-0.0259728
712	0.971229	1.0013	1.03097	-0.0300758
714	0.967205	1.00134	1.03529	-0.0341304
716	0.963252	1.00137	1.03957	-0.0381127
718	0.959396	1.00139	1.04378	-0.0419988
720	0.955658	1.00142	1.04789	-0.0457652
722	0.952063	1.00145	1.05188	-0.0493888
724	0.948633	1.00148	1.05571	-0.0528473
726	0.945389	1.00151	1.05936	-0.0561188
728	0.942352	1.00153	1.0628	-0.0591826
730	0.939543	1.00156	1.06601	-0.0620188
732	0.936979	1.00159	1.06895	-0.0646083
734	0.93468	1.00161	1.07161	-0.0669334
736	0.932662	1.00164	1.07396	-0.0689777
738	0.930939	1.00166	1.07597	-0.0707259
740	0.929525	1.00169	1.07764	-0.0721642
742	0.928434	1.00171	1.07893	-0.0732802
744	0.927675	1.00174	1.07984	-0.0740631
746	0.927259	1.00176	1.08035	-0.0745036
748	0.927192	1.00179	1.08045	-0.0745941
750	0.927481	1.00181	1.08014	-0.0743285
752	0.92813	1.00183	1.07941	-0.0737026
754	0.929142	1.00186	1.07826	-0.0727138
756	0.930518	1.00188	1.07669	-0.0713612
758	0.932256	1.0019	1.07471	-0.0696456
760	0.934354	1.00192	1.07232	-0.0675697
762	0.936808	1.00195	1.06953	-0.0651376
764	0.939612	1.00197	1.06636	-0.0623553
766	0.942759	1.00199	1.06283	-0.0592305
768	0.946238	1.00201	1.05894	-0.0557724
770	0.95004	1.00203	1.05473	-0.0519918
772	0.954152	1.00205	1.0502	-0.0479011
774	0.95856	1.00207	1.0454	-0.043514
776	0.963249	1.0021	1.04033	-0.0388459
778	0.968202	1.00212	1.03503	-0.0339133
780	0.973402	1.00214	1.02952	-0.0287341
782	0.978829	1.00216	1.02383	-0.0233274
784	0.984463	1.00218	1.01799	-0.0177133
786	0.990284	1.0022	1.01203	-0.0119129
788	0.996268	1.00222	1.00597	-0.00594853
790	1.00239	1.00224	0.999843	0.000157013
792	1.00864	1.00226	0.993675	0.00638
794	1.01497	1.00227	0.987491	0.0126961
796	1.02137	1.00229	0.981319	0.0190805
798	1.02782	1.00231	0.975183	0.0255078
800	1.03428	1.00233	0.969107	0.0319525
802	1.04074	1.00235	0.963114	0.0383888
804	1.04716	1.00237	0.957227	0.0447906
806	1.05352	1.00239	0.951465	0.0511322
808	1.05979	1.00241	0.94585	0.0573876
810	1.06595	1.00242	0.9404	0.0635313
812	1.07198	1.00244	0.935131	0.0695379
814	1.07784	1.00246	0.930061	0.0753826
816	1.08352	1.00248	0.925206	0.0810411
818	1.08898	1.00249	0.920578	0.0864895
820	1.09422	1.00251	0.916191	0.0917049
822	1.09919	1.00253	0.912058	0.096665
824	1.10389	1.00254	0.90819	0.101349
826	1.1083	1.00256	0.904597	0.105735
828	1.11238	1.00258	0.901288	0.109806
830	1.11613	1.00259	0.898272	0.113542
832	1.11953	1.00261	0.895558	0.116927
834	1.12257	1.00262	0.893151	0.119945
836	1.12522	1.00264	0.89106	0.122582
838	1.12748	1.00265	0.889288	0.124825
840	1.12933	1.00267	0.887843	0.126663
842	1.13077	1.00268	0.886727	0.128085
844	1.13178	1.0027	0.885946	0.129084
846	1.13236	1.00271	0.885503	0.129653
848	1.13251	1.00273	0.8854	0.129786
850	1.13222	1.00274	0.885641	0.12948
852	1.13149	1.00275	0.886226	0.128733
854	1.13031	1.00277	0.887158	0.127546
856	1.1287	1.00278	0.888438	0.12592
858	1.12665	1.00279	0.890065	0.123858
860	1.12417	1.0028	0.89204	0.121366
862	1.12126	1.00281	0.894361	0.118449
864	1.11794	1.00283	0.897028	0.115117
866	1.11422	1.00284	0.900037	0.11138
868	1.1101	1.00285	0.903387	0.10725
870	1.1056	1.00286	0.907073	0.10274
872	1.10074	1.00287	0.911092	0.0978647
874	1.09552	1.00288	0.915436	0.0926415
876	1.08998	1.00289	0.920101	0.0870883
878	1.08413	1.0029	0.925078	0.081225
880	1.07798	1.00291	0.930358	0.0750726
882	1.07157	1.00292	0.935932	0.0686536
884	1.06492	1.00293	0.941787	0.061992
886	1.05805	1.00294	0.947911	0.055113
888	1.05099	1.00295	0.954288	0.0480428
890	1.04377	1.00296	0.960902	0.0408092
892	1.03641	1.00297	0.967734	0.0334408
894	1.02894	1.00297	0.974763	0.0259671
896	1.0214	1.00298	0.981967	0.0184189
898	1.01382	1.00299	0.98932	0.0108276
900	1.00622	1.003	0.996794	0.00322549
