lambda_nm	Fp	T	eta	Ploss
500	232.92	0.482355	0.0020709	232.438
502	235.598	0.471836	0.00200272	235.126
504	237.546	0.461007	0.00194071	237.085
506	238.757	0.449948	0.00188454	238.307
508	239.235	0.438739	0.00183392	238.796
510	238.988	0.427457	0.00178861	238.561
512	238.032	0.41618	0.00174842	237.616
514	236.39	0.404982	0.0017132	235.985
516	234.089	0.393933	0.00168283	233.695
518	231.163	0.3831	0.00165727	230.78
520	227.65	0.372546	0.00163648	227.277
522	223.591	0.362326	0.00162049	223.229
524	219.031	0.352494	0.00160934	218.678
526	214.016	0.343095	0.00160313	213.673
528	208.598	0.334172	0.00160199	208.263
530	202.824	0.32576	0.00160612	202.499
532	196.748	0.317887	0.00161571	196.43
534	190.419	0.310578	0.00163102	190.108
536	183.888	0.30385	0.00165237	183.584
538	177.204	0.297718	0.00168009	176.906
540	170.415	0.292187	0.00171456	170.123
542	163.568	0.28726	0.00175621	163.281
544	156.706	0.282934	0.00180551	156.423
546	149.87	0.279203	0.00186297	149.591
548	143.098	0.276056	0.00192913	142.822
550	136.427	0.273476	0.00200457	136.153
552	129.887	0.271446	0.00208987	129.615
554	123.507	0.269944	0.00218565	123.237
556	117.314	0.268946	0.00229254	117.045
558	111.328	0.268425	0.00241112	111.06
560	105.569	0.268352	0.00254197	105.3
562	100.051	0.268699	0.00268563	99.782
564	94.7861	0.269432	0.00284253	94.5166
566	89.7836	0.270521	0.00301304	89.513
568	85.0488	0.271933	0.00319738	84.7769
570	80.5847	0.273636	0.00339563	80.3111
572	76.3915	0.275596	0.00360768	76.1159
574	72.4669	0.277782	0.00383322	72.1891
576	68.8064	0.280162	0.00407174	68.5263
578	65.4036	0.282706	0.00432248	65.1209
580	62.2502	0.285385	0.00458448	61.9648
582	59.3363	0.28817	0.00485656	59.0481
584	56.6507	0.291035	0.00513736	56.3597
586	54.1814	0.293956	0.00542541	53.8874
588	51.9151	0.296908	0.00571912	51.6182
590	49.8381	0.299872	0.00601692	49.5382
592	47.9363	0.302826	0.00631726	47.6335
594	46.1952	0.305754	0.00661873	45.8895
596	44.6005	0.308639	0.00692009	44.2919
598	43.1378	0.311469	0.00722033	42.8263
600	41.7929	0.314231	0.00751875	41.4787
602	40.5524	0.316915	0.00781494	40.2355
604	39.4031	0.319513	0.00810882	39.0836
606	38.3326	0.322018	0.00840064	38.0106
608	37.3292	0.324427	0.00869097	37.0047
610	36.382	0.326734	0.00898066	36.0553
612	35.4811	0.32894	0.00927084	35.1522
614	34.6175	0.331043	0.00956287	34.2865
616	33.7831	0.333045	0.00985831	33.4501
618	32.9708	0.334946	0.0101589	32.6359
620	32.1745	0.336752	0.0104664	31.8377
622	31.389	0.338464	0.0107829	31.0505
624	30.6102	0.340089	0.0111103	30.2701
626	29.8347	0.341631	0.0114508	29.4931
628	29.0603	0.343096	0.0118063	28.7172
630	28.2854	0.344491	0.0121791	27.9409
632	27.5092	0.345822	0.0125712	27.1634
634	26.7316	0.347096	0.0129845	26.3845
636	25.9532	0.348321	0.0134211	25.6049
638	25.1752	0.349501	0.0138828	24.8257
640	24.3993	0.350646	0.0143712	24.0486
642	23.6275	0.351761	0.0148878	23.2757
644	22.8623	0.352852	0.0154338	22.5095
646	22.1065	0.353926	0.01601	21.7526
648	21.3631	0.354988	0.0166169	21.0081
650	20.635	0.356044	0.0172543	20.279
652	19.9256	0.357098	0.0179216	19.5685
654	19.2379	0.358155	0.0186172	18.8797
656	18.575	0.359218	0.0193388	18.2158
658	17.9401	0.360292	0.020083	17.5798
660	17.3359	0.361377	0.0208456	16.9745
662	16.7651	0.362478	0.0216209	16.4026
664	16.2301	0.363594	0.0224025	15.8665
666	15.7329	0.364728	0.0231824	15.3682
668	15.2755	0.365879	0.023952	14.9096
670	14.8592	0.367048	0.0247018	14.4921
672	14.4851	0.368234	0.0254216	14.1169
674	14.154	0.369437	0.0261013	13.7845
676	13.8662	0.370655	0.0267308	13.4956
678	13.6217	0.371885	0.0273009	13.2499
680	13.4202	0.373127	0.0278034	13.0471
682	13.2608	0.374377	0.028232	12.8864
684	13.1424	0.375634	0.0285819	12.7667
686	13.0635	0.376893	0.0288508	12.6866
688	13.0224	0.378152	0.0290386	12.6443
690	13.017	0.379408	0.0291472	12.6376
692	13.0449	0.380657	0.0291806	12.6642
694	13.1034	0.381896	0.0291447	12.7215
696	13.1899	0.383121	0.0290466	12.8067
698	13.3012	0.384329	0.0288944	12.9168
700	13.4341	0.385518	0.0286968	13.0486
702	13.5855	0.386682	0.0284628	13.1989
704	13.752	0.38782	0.028201	13.3641
706	13.93	0.388928	0.0279202	13.5411
708	14.1162	0.390004	0.0276281	13.7262
710	14.3071	0.391044	0.0273321	13.9161
712	14.4994	0.392048	0.0270388	14.1074
714	14.6898	0.393012	0.0267541	14.2968
716	14.875	0.393935	0.026483	14.4811
718	15.052	0.394815	0.0262301	14.6572
720	15.2179	0.395652	0.0259991	14.8222
722	15.3699	0.396443	0.0257935	14.9734
724	15.5055	0.39719	0.025616	15.1083
726	15.6225	0.397891	0.0254691	15.2246
728	15.7187	0.398546	0.0253549	15.3202
730	15.7923	0.399156	0.0252753	15.3932
732	15.8419	0.399721	0.0252319	15.4421
734	15.866	0.400242	0.0252264	15.4657
736	15.8637	0.400721	0.0252603	15.4629
738	15.8342	0.401159	0.0253349	15.433
740	15.7771	0.401557	0.0254518	15.3756
742	15.6923	0.401917	0.0256124	15.2904
744	15.5797	0.402243	0.0258183	15.1775
746	15.4399	0.402535	0.0260711	15.0374
748	15.2733	0.402796	0.0263725	14.8705
750	15.081	0.40303	0.0267244	14.678
752	14.8639	0.403239	0.0271287	14.4607
754	14.6235	0.403425	0.0275875	14.2201
756	14.3612	0.403592	0.0281029	13.9576
758	14.0789	0.403742	0.0286772	13.6751
760	13.7783	0.40388	0.0293127	13.3744
762	13.4616	0.404007	0.0300117	13.0576
764	13.131	0.404127	0.0307765	12.7269
766	12.7888	0.404243	0.0316091	12.3846
768	12.4374	0.404359	0.0325114	12.0331
770	12.0793	0.404476	0.0334849	11.6749
772	11.7171	0.404598	0.0345306	11.3125
774	11.3532	0.404727	0.0356486	10.9485
776	10.9904	0.404866	0.0368383	10.5855
778	10.6311	0.405018	0.0380975	10.2261
780	10.278	0.405185	0.0394227	9.87278
782	9.9335	0.405369	0.0408083	9.52813
784	9.60013	0.405572	0.0422465	9.19455
786	9.28023	0.405796	0.0437269	8.87444
788	8.97608	0.406042	0.045236	8.57004
790	8.68985	0.406312	0.0467571	8.28353
792	8.42355	0.406607	0.0482702	8.01695
794	8.1791	0.406928	0.0497522	7.77217
796	7.95824	0.407276	0.0511767	7.55096
798	7.76254	0.407651	0.0525151	7.35489
800	7.59344	0.408054	0.0537377	7.18539
802	7.45216	0.408485	0.0548143	7.04367
804	7.33976	0.408943	0.0557162	6.93081
806	7.25709	0.409429	0.0564177	6.84766
808	7.20484	0.409942	0.0568981	6.7949
810	7.18347	0.410481	0.0571424	6.77299
812	7.19327	0.411045	0.057143	6.78223
814	7.23431	0.411634	0.0569002	6.82268
816	7.30649	0.412246	0.0564219	6.89424
818	7.40949	0.41288	0.0557231	6.99661
820	7.54283	0.413534	0.0548247	7.1293
822	7.70583	0.414206	0.0537523	7.29162
824	7.89763	0.414895	0.0525342	7.48273
826	8.1172	0.4156	0.0511999	7.7016
828	8.36337	0.416317	0.0497786	7.94706
830	8.63479	0.417044	0.0482981	8.21775
832	8.92997	0.417781	0.0467841	8.51219
834	9.2473	0.418524	0.045259	8.82878
836	9.58503	0.41927	0.0437422	9.16576
838	9.9413	0.420019	0.0422499	9.52128
840	10.3142	0.420767	0.0407951	9.89338
842	10.7015	0.421512	0.039388	10.28
844	11.1013	0.422252	0.0380361	10.6791
846	11.5114	0.422984	0.0367449	11.0884
848	11.9294	0.423707	0.0355179	11.5057
850	12.3531	0.424417	0.034357	11.9287
852	12.7803	0.425113	0.0332632	12.3552
854	13.2085	0.425793	0.0322363	12.7827
856	13.6355	0.426454	0.0312753	13.209
858	14.059	0.427094	0.0303788	13.6319
860	14.4766	0.427713	0.0295451	14.0489
862	14.8862	0.428307	0.0287721	14.4579
864	15.2855	0.428875	0.0280576	14.8566
866	15.6724	0.429416	0.0273995	15.243
868	16.0448	0.429927	0.0267954	15.6149
870	16.4007	0.430409	0.0262433	15.9703
872	16.7382	0.43086	0.0257411	16.3074
874	17.0555	0.431278	0.0252867	16.6242
876	17.3509	0.431663	0.0248784	16.9192
878	17.6227	0.432014	0.0245146	17.1907
880	17.8695	0.43233	0.0241937	17.4372
882	18.0899	0.432611	0.0239145	17.6573
884	18.2827	0.432857	0.0236757	17.8499
886	18.4469	0.433068	0.0234765	18.0138
888	18.5813	0.433242	0.0233161	18.1481
890	18.6853	0.433382	0.0231938	18.2519
892	18.7581	0.433486	0.0231093	18.3246
894	18.7992	0.433556	0.0230624	18.3657
896	18.8083	0.433592	0.0230532	18.3747
898	18.7852	0.433594	0.0230818	18.3516
900	18.7296	0.433564	0.0231486	18.2961
