x_nm	-77.5	-72.163	-61.3179	-53.3867	-47.5866	-43.3449	-40.2429	-37.9744	-36	-34.0256	-32.0513	-30.0769	-28.1026	-26.1282	-24.1538	-22.1795	-20.2051	-18.2308	-16.2564	-14.2821	-12.3077	-10.3333	-8.35897	-6.38462	-4.41026	-2.4359	-0.461538	1.51282	3.48718	5.46154	7.4359	9.41026	11.3846	13.359	15.3333	17.3077	19.2821	21.2564	23.2308	25.2051	27.1795	29.1538	31.1282	33.1026	35.0769	37.0513	39.0256	41	42.9744	45.2268	48.3004	52.4942	58.2168	66.0252	76.68	82.5
-80	2891.76	3146.85	3671.84	3960.23	4079.35	4104.64	4087.17	4055.43	4015.12	3963.58	3901.72	3830.96	3751.95	3666.46	3576.24	3483.69	3390.3	3298.3	3209.59	3127.11	3052.41	2987.59	2934.32	2894.01	2868.08	2857.51	2862.87	2884.01	2921.11	2973.7	3040.41	3120.76	3212.57	3314.3	3423.74	3539.19	3657.69	3776.99	3895.11	4009.72	4118.52	4218.81	4310.21	4389.97	4457.8	4511.82	4552.13	4578.09	4589.61	4585.02	4549.27	4450.17	4234.27	3834.79	3203.56	2876.57
-70.1998	4237.72	4750.88	6093.22	7127.53	7811.66	8212.22	8422.25	8520.9	8563.07	8562.85	8514.95	8419.12	8274.92	8083.29	7847.41	7572.3	7266.12	6935.88	6592.25	6247.3	5912.68	5601.28	5324.6	5093.17	4916.87	4803.63	4758.05	4782.85	4878.08	5040	5263.92	5541.86	5864.14	6220.12	6597.09	6982.8	7364.8	7732.6	8076.33	8385.54	8654.92	8878.09	9052.31	9176.2	9249.64	9272.64	9248.83	9182.23	9074.43	8907.53	8614.87	8121.56	7338.5	6205.13	4769.16	4150.92
-54.2134	8388.27	9851.1	14414.2	18841.2	22532.2	25282.1	27187.5	28455	29432.7	30260.9	30905.1	31332.7	31519.3	31444.3	31102.7	30495	29645.3	28584	27363.3	26036.8	24673.9	23344.7	22120.7	21068.4	20243.2	19692.5	19448.8	19527.9	19928.5	20632.3	21605.1	22797.4	24153.6	25603.4	27079.5	28508.5	29827.3	30979.7	31920.5	32616.9	33054.8	33228.5	33146.2	32823.9	32284.3	31555.9	30664	29643.3	28516.8	27135.5	25144.1	22350.3	18650.8	14208.6	9608.14	7941.73
-42.6002	13900.6	17163.8	28373.7	41337.5	54062.8	65022.6	73637.5	80030	85499.2	90723.3	95509.2	99660	102960	105229	106320	106161	104747	102181	98645.8	94391.6	89717.9	84954.1	80431.1	76453.1	73289.6	71149.3	70176.2	70441.4	71941.6	74592.8	78238.3	82656.7	87574.7	92670.9	97622	102106	105818	108527	110079	110405	109530	107544	104601	100877	96549.3	91789.6	86738.2	81522.7	76244.3	70248.8	62270.8	52092	40048.9	27470.7	16443.2	12885.3
-34.1639	19710.3	25561	46948.7	75516.6	107625	138758	165741	187394	207182	227385	247317	266133	282824	296362	305790	310445	310082	304925	295639	283240	268915	253925	239478	226685	216464	209533	206368	207206	212032	220579	232323	246504	262166	278146	293205	306043	315462	320531	320676	315890	306640	293764	278266	261108	243129	224937	206942	189400	172491	154130	130902	103129	73087.9	45343.3	24345.8	18112.5
-28.0354	24848.5	33615.9	67212.4	117664	181265	249662	314308	369898	423679	481669	542291	603025	660402	710155	747815	769833	774779	763503	738672	704088	663814	621805	581593	546230	518148	499182	490539	492810	505965	529338	561650	600962	644729	689726	732203	767910	792467	801999	794145	769129	730011	681341	627790	573136	519961	469504	422174	377847	336366	292455	238579	177203	116014	65666	32159.9	22825
-23.5835	28895.7	40401.3	86147	161397	265594	388074	513175	627769	744654	877325	1.02366e+06	1.17868e+06	1.33336e+06	1.47421e+06	1.5842e+06	1.64792e+06	1.66036e+06	1.62738e+06	1.55992e+06	1.47014e+06	1.36934e+06	1.26708e+06	1.17144e+06	1.08871e+06	1.02376e+06	980221	960426	965470	995370	1.04889e+06	1.12361e+06	1.21587e+06	1.32054e+06	1.43096e+06	1.5386e+06	1.63281e+06	1.70042e+06	1.72679e+06	1.69977e+06	1.61884e+06	1.49889e+06	1.35954e+06	1.21702e+06	1.08215e+06	960032	851210	753338	663701	580504	492914	386941	271104	164640	85985.7	39056.8	26631.3
-20.3494	31876	45659.3	102011	201226	348998	535788	739696	937314	1.14889e+06	1.40086e+06	1.69358e+06	2.02141e+06	2.36816e+06	2.70135e+06	2.96668e+06	3.10079e+06	3.09776e+06	2.99417e+06	2.82586e+06	2.62246e+06	2.40701e+06	2.19714e+06	2.00617e+06	1.84422e+06	1.71885e+06	1.63544e+06	1.59753e+06	1.60682e+06	1.66334e+06	1.76539e+06	1.9094e+06	2.09013e+06	2.29975e+06	2.52822e+06	2.76164e+06	2.9812e+06	3.15905e+06	3.25222e+06	3.20296e+06	2.99453e+06	2.69367e+06	2.36745e+06	2.05834e+06	1.78764e+06	1.56106e+06	1.37171e+06	1.20646e+06	1.05413e+06	909993	756233	571232	377817	214174	104468	44682.6	29501.9
-18	33994.7	49538.6	114403	234369	423060	675408	966140	1.26161e+06	1.5916e+06	2.00199e+06	2.50226e+06	3.09383e+06	3.76062e+06	4.44853e+06	5.01774e+06	5.21168e+06	5.08569e+06	4.80979e+06	4.45559e+06	4.06934e+06	3.68386e+06	3.32224e+06	3.00153e+06	2.73435e+06	2.52989e+06	2.39484e+06	2.33346e+06	2.34794e+06	2.43842e+06	2.60289e+06	2.8371e+06	3.13465e+06	3.48656e+06	3.88094e+06	4.30225e+06	4.73024e+06	5.13277e+06	5.43414e+06	5.40967e+06	4.94052e+06	4.29549e+06	3.65251e+06	3.08905e+06	2.63343e+06	2.28402e+06	2.01187e+06	1.77582e+06	1.54761e+06	1.32134e+06	1.07444e+06	780251	488399	260594	120147	49033.9	31583.5
-16	35731.5	52806.1	125312	265018	495249	818774	1.21014e+06	1.62603e+06	2.10996e+06	2.73836e+06	3.54352e+06	4.55432e+06	5.78755e+06	7.21409e+06	8.55416e+06	8.55769e+06	7.89019e+06	7.23767e+06	6.57242e+06	5.91355e+06	5.29031e+06	4.72422e+06	4.23319e+06	3.83001e+06	3.52453e+06	3.3238e+06	3.23278e+06	3.25378e+06	3.38689e+06	3.63002e+06	3.97859e+06	4.42528e+06	4.9605e+06	5.57235e+06	6.24747e+06	6.98304e+06	7.80736e+06	8.78238e+06	9.02601e+06	7.91008e+06	6.56603e+06	5.37493e+06	4.41831e+06	3.71304e+06	3.23538e+06	2.90116e+06	2.59708e+06	2.26284e+06	1.90446e+06	1.50536e+06	1.04278e+06	614954	308941	135074	52861.5	33319
-14	37373	55974.9	136313	297384	575307	985906	1.50846e+06	2.09081e+06	2.80003e+06	3.76721e+06	5.07917e+06	6.84803e+06	9.24784e+06	1.2653e+07	1.74217e+07	1.47263e+07	1.16528e+07	1.0388e+07	9.32441e+06	8.32377e+06	7.40355e+06	6.58208e+06	5.87922e+06	5.30781e+06	4.87796e+06	4.59691e+06	4.46965e+06	4.49891e+06	4.68451e+06	5.02375e+06	5.51076e+06	6.1361e+06	6.88479e+06	7.73704e+06	8.66619e+06	9.68456e+06	1.10589e+07	1.48504e+07	1.65316e+07	1.31226e+07	1.01718e+07	7.95922e+06	6.34667e+06	5.29259e+06	4.74309e+06	4.46735e+06	4.1165e+06	3.57086e+06	2.92284e+06	2.20662e+06	1.43043e+06	783345	367164	151439	56734.7	34985.9
-12	38888.7	58964.1	147093	330578	661651	1.1758e+06	1.86514e+06	2.67341e+06	3.70804e+06	5.19805e+06	7.34957e+06	1.04735e+07	1.52258e+07	2.43657e+07	5.6124e+07	2.37694e+07	1.23361e+07	1.20938e+07	1.14079e+07	1.04651e+07	9.46916e+06	8.54028e+06	7.72744e+06	7.06313e+06	6.56277e+06	6.23671e+06	6.09052e+06	6.12657e+06	6.3438e+06	6.73692e+06	7.29403e+06	7.99021e+06	8.78404e+06	9.57773e+06	1.02276e+07	1.04349e+07	1.02212e+07	2.84087e+07	3.41551e+07	2.1415e+07	1.54502e+07	1.16464e+07	9.07429e+06	7.66235e+06	7.4237e+06	7.78744e+06	7.44754e+06	6.28596e+06	4.86271e+06	3.40955e+06	2.01883e+06	1.00983e+06	436938	169059	60560.1	36549.6
-10	40243	61696.6	157291	363348	751310	1.38394e+06	2.27818e+06	3.38419e+06	4.88065e+06	7.17346e+06	1.07135e+07	1.61405e+07	2.46442e+07	4.97933e+07	1.23426e+07	2.67218e+07	9.53175e+06	4.98771e+06	5.58489e+06	6.12507e+06	6.55275e+06	6.8913e+06	7.16624e+06	7.38577e+06	7.55577e+06	7.6762e+06	7.74635e+06	7.76452e+06	7.72855e+06	7.63443e+06	7.47422e+06	7.2348e+06	6.88243e+06	6.37531e+06	5.61918e+06	4.62538e+06	1.48129e+07	1.9487e+07	1.16192e+07	2.90384e+07	2.14106e+07	1.63377e+07	1.29266e+07	1.18496e+07	1.344e+07	1.7172e+07	1.64936e+07	1.27585e+07	8.88479e+06	5.57197e+06	2.93259e+06	1.31588e+06	519330	187506	64223	37971.1
-8	41404.1	64077.3	166478	394123	839649	1.6005e+06	2.73346e+06	4.21556e+06	6.35421e+06	9.90054e+06	1.58735e+07	2.51975e+07	3.18883e+07	6.70333e+06	5.86385e+06	4.22826e+06	4.21572e+06	3.25063e+06	3.74968e+06	4.45119e+06	5.14656e+06	5.77891e+06	6.32663e+06	6.78112e+06	7.13348e+06	7.37772e+06	7.50882e+06	7.52391e+06	7.42209e+06	7.20436e+06	6.87347e+06	6.43199e+06	5.88936e+06	5.25875e+06	4.62963e+06	4.34991e+06	6.36344e+06	5.98327e+06	2.35706e+06	5.19449e+06	2.46023e+07	2.18501e+07	2.09007e+07	2.74315e+07	3.36919e+07	5.64124e+07	4.76271e+07	3.03763e+07	1.78517e+07	9.60617e+06	4.37211e+06	1.72512e+06	613459	205976	67565.6	39207
-6	42341.9	66032.2	174222	420996	920304	1.80852e+06	3.19678e+06	5.11906e+06	8.11671e+06	1.37612e+07	2.54622e+07	5.12283e+07	7.99176e+06	1.11191e+06	1.90946e+06	2.58893e+06	3.02137e+06	3.35056e+06	3.87005e+06	4.46818e+06	5.07342e+06	5.64248e+06	6.14868e+06	6.57512e+06	6.90928e+06	7.14247e+06	7.26882e+06	7.28539e+06	7.19205e+06	6.99185e+06	6.69124e+06	6.30068e+06	5.8384e+06	5.33375e+06	4.84796e+06	4.4836e+06	4.36549e+06	3.94927e+06	2.93552e+06	2.86567e+06	7.63091e+06	4.37923e+07	7.31617e+07	1.92242e+08	1.47375e+08	3.19523e+08	1.82301e+08	8.39747e+07	3.89875e+07	1.73244e+07	6.62549e+06	2.24979e+06	714207	223213	70430.8	40223.2
-4	43032.7	67490	180109	442015	985714	1.98438e+06	3.60501e+06	5.95217e+06	9.8996e+06	1.8978e+07	5.38342e+07	1.34912e+07	4.81179e+06	1.66336e+06	1.73041e+06	2.24114e+06	2.78073e+06	3.28855e+06	3.82859e+06	4.3963e+06	4.96409e+06	5.50232e+06	5.98633e+06	6.39731e+06	6.72122e+06	6.94813e+06	7.07171e+06	7.08894e+06	7.00026e+06	6.80984e+06	6.52602e+06	6.16239e+06	5.73985e+06	5.28811e+06	4.84761e+06	4.45836e+06	4.12663e+06	3.76646e+06	3.6019e+06	4.7993e+06	1.11249e+07	8.62086e+07	7.14733e+08	3.01296e+09	1.1831e+09	3.25084e+09	8.77748e+08	2.62013e+08	9.0948e+07	3.20581e+07	9.94182e+06	2.85464e+06	809827	237562	72639.2	40978.1
-2	43455.8	68386.4	183793	455469	1.02858e+06	2.10181e+06	3.87431e+06	6.44186e+06	1.05028e+07	1.73651e+07	2.35258e+07	8.73e+06	403002	1.04447e+06	1.59502e+06	2.12556e+06	2.67845e+06	3.22294e+06	3.77309e+06	4.33164e+06	4.88399e+06	5.40772e+06	5.88046e+06	6.28342e+06	6.60192e+06	6.82556e+06	6.94765e+06	6.96523e+06	6.87905e+06	6.69375e+06	6.4187e+06	6.06869e+06	5.66478e+06	5.23427e+06	4.8077e+06	4.41053e+06	4.06015e+06	3.81846e+06	4.04335e+06	5.78473e+06	1.15145e+07	6.58084e+08	6.23227e+09	6.57384e+10	1.57017e+10	5.50615e+10	4.87608e+09	9.20084e+08	2.18891e+08	5.71849e+07	1.39102e+07	3.40099e+06	881414	247181	74031.7	41443.6
-2.31611e-14	43596.4	68688.9	185051	460074	1.04349e+06	2.14307e+06	3.96783e+06	6.60458e+06	1.07092e+07	1.76138e+07	2.9042e+07	6.31295e+06	1.40652e+06	1.12459e+06	1.5778e+06	2.10059e+06	2.65083e+06	3.19933e+06	3.7509e+06	4.30692e+06	4.85498e+06	5.3745e+06	5.84387e+06	6.2443e+06	6.56113e+06	6.78375e+06	6.9054e+06	6.92309e+06	6.83758e+06	6.65388e+06	6.38156e+06	6.03565e+06	5.63712e+06	5.21218e+06	4.78908e+06	4.39204e+06	4.0485e+06	3.86164e+06	4.26028e+06	6.63362e+06	1.68383e+07	3.90175e+09	7.43213e+10	9.96811e+09	2.76974e+11	1.28368e+09	5.20049e+10	3.53565e+09	4.43198e+08	8.10736e+07	1.62506e+07	3.6409e+06	908550	250586	74512.1	41602.9
2	43456.6	68385.8	183794	455468	1.02857e+06	2.10181e+06	3.8743e+06	6.44191e+06	1.05028e+07	1.73652e+07	2.3526e+07	8.73001e+06	403012	1.04449e+06	1.59504e+06	2.12556e+06	2.67844e+06	3.22292e+06	3.77309e+06	4.33164e+06	4.88398e+06	5.4077e+06	5.88045e+06	6.2834e+06	6.6019e+06	6.82551e+06	6.94763e+06	6.96523e+06	6.87904e+06	6.69377e+06	6.41873e+06	6.06872e+06	5.66481e+06	5.23427e+06	4.8077e+06	4.41052e+06	4.06014e+06	3.81846e+06	4.04337e+06	5.78474e+06	1.15145e+07	6.58085e+08	6.23227e+09	6.57384e+10	1.57017e+10	5.50615e+10	4.87608e+09	9.20084e+08	2.18891e+08	5.7185e+07	1.39101e+07	3.40102e+06	881424	247178	74033.5	41444.2
4	43032	67489.4	180110	442018	985720	1.98437e+06	3.60503e+06	5.95223e+06	9.8996e+06	1.8978e+07	5.3834e+07	1.34912e+07	4.81178e+06	1.66335e+06	1.73039e+06	2.24112e+06	2.78072e+06	3.28855e+06	3.8286e+06	4.3963e+06	4.9641e+06	5.50232e+06	5.9863e+06	6.39732e+06	6.72126e+06	6.94816e+06	7.07172e+06	7.08896e+06	7.00029e+06	6.80987e+06	6.52602e+06	6.16237e+06	5.73985e+06	5.28811e+06	4.8476e+06	4.45836e+06	4.12663e+06	3.76645e+06	3.60189e+06	4.79927e+06	1.11249e+07	8.62086e+07	7.14733e+08	3.01296e+09	1.1831e+09	3.25084e+09	8.77748e+08	2.62013e+08	9.09478e+07	3.20581e+07	9.94183e+06	2.85463e+06	809823	237563	72637.9	40977.6
6	42342.5	66032.9	174222	420990	920302	1.80855e+06	3.19682e+06	5.119e+06	8.11668e+06	1.37613e+07	2.54622e+07	5.12283e+07	7.99177e+06	1.11192e+06	1.90947e+06	2.58893e+06	3.02137e+06	3.35055e+06	3.87004e+06	4.46817e+06	5.07342e+06	5.64249e+06	6.14869e+06	6.5751e+06	6.90925e+06	7.14246e+06	7.2688e+06	7.28535e+06	7.19203e+06	6.99183e+06	6.69125e+06	6.30072e+06	5.83842e+06	5.33375e+06	4.84798e+06	4.48361e+06	4.36551e+06	3.94928e+06	2.93553e+06	2.86566e+06	7.63091e+06	4.37923e+07	7.31618e+07	1.92242e+08	1.47375e+08	3.19524e+08	1.82301e+08	8.39748e+07	3.89875e+07	1.73244e+07	6.62549e+06	2.24979e+06	714216	223216	70430.3	40223.3
8	41403.4	64077.3	166478	394126	839655	1.60048e+06	2.73344e+06	4.21559e+06	6.35418e+06	9.90043e+06	1.58735e+07	2.51975e+07	3.18882e+07	6.70332e+06	5.86385e+06	4.22825e+06	4.21573e+06	3.25064e+06	3.74969e+06	4.4512e+06	5.14656e+06	5.77889e+06	6.32662e+06	6.78113e+06	7.13349e+06	7.37772e+06	7.50884e+06	7.52392e+06	7.42209e+06	7.20435e+06	6.87345e+06	6.43198e+06	5.88938e+06	5.25875e+06	4.62963e+06	4.3499e+06	6.36343e+06	5.98329e+06	2.35707e+06	5.19443e+06	2.46024e+07	2.18501e+07	2.09007e+07	2.74314e+07	3.36919e+07	5.64126e+07	4.76272e+07	3.03763e+07	1.78517e+07	9.60617e+06	4.37209e+06	1.72511e+06	613452	205978	67566.9	39207.6
10	40244.2	61696.2	157290	363349	751308	1.38394e+06	2.27818e+06	3.38415e+06	4.8806e+06	7.17354e+06	1.07136e+07	1.61405e+07	2.46443e+07	4.97933e+07	1.23426e+07	2.67218e+07	9.53175e+06	4.98766e+06	5.5849e+06	6.1251e+06	6.55273e+06	6.89131e+06	7.16628e+06	7.38576e+06	7.55572e+06	7.6762e+06	7.74634e+06	7.76449e+06	7.72855e+06	7.63443e+06	7.47422e+06	7.23481e+06	6.88241e+06	6.37529e+06	5.61918e+06	4.62537e+06	1.48129e+07	1.9487e+07	1.16192e+07	2.90382e+07	2.14107e+07	1.63378e+07	1.29266e+07	1.18496e+07	1.344e+07	1.7172e+07	1.64936e+07	1.27585e+07	8.88478e+06	5.57199e+06	2.93256e+06	1.31587e+06	519333	187505	64222.7	37972.3
12	38888.4	58964.5	147094	330576	661655	1.17582e+06	1.86515e+06	2.6734e+06	3.70806e+06	5.19805e+06	7.34954e+06	1.04735e+07	1.52258e+07	2.43656e+07	5.61241e+07	2.37696e+07	1.23362e+07	1.20938e+07	1.1408e+07	1.04651e+07	9.46915e+06	8.54027e+06	7.72747e+06	7.06321e+06	6.56285e+06	6.23672e+06	6.09048e+06	6.1266e+06	6.34383e+06	6.73692e+06	7.29402e+06	7.99015e+06	8.78402e+06	9.57773e+06	1.02276e+07	1.04349e+07	1.02212e+07	2.84087e+07	3.41552e+07	2.14149e+07	1.54502e+07	1.16464e+07	9.07424e+06	7.66233e+06	7.42366e+06	7.78748e+06	7.44756e+06	6.28597e+06	4.86271e+06	3.40957e+06	2.01883e+06	1.00982e+06	436935	169062	60562	36548.9
14	37372.4	55974.6	136311	297387	575303	985888	1.50845e+06	2.09083e+06	2.80004e+06	3.76719e+06	5.07921e+06	6.84803e+06	9.24789e+06	1.2653e+07	1.74219e+07	1.47263e+07	1.16528e+07	1.03881e+07	9.32439e+06	8.32377e+06	7.40359e+06	6.58205e+06	5.87921e+06	5.3078e+06	4.87793e+06	4.59688e+06	4.46966e+06	4.49892e+06	4.68455e+06	5.02375e+06	5.51079e+06	6.13609e+06	6.8848e+06	7.7371e+06	8.66622e+06	9.68454e+06	1.10589e+07	1.48503e+07	1.65317e+07	1.31226e+07	1.01719e+07	7.95916e+06	6.34675e+06	5.29257e+06	4.74307e+06	4.46736e+06	4.11655e+06	3.57086e+06	2.92283e+06	2.20664e+06	1.43044e+06	783342	367159	151438	56733.9	34986.2
16	35731.6	52806.2	125313	265020	495250	818781	1.21015e+06	1.62604e+06	2.10994e+06	2.73838e+06	3.54351e+06	4.55431e+06	5.78758e+06	7.21407e+06	8.55422e+06	8.55767e+06	7.89018e+06	7.23768e+06	6.57245e+06	5.91353e+06	5.29034e+06	4.72423e+06	4.23319e+06	3.83004e+06	3.52453e+06	3.32381e+06	3.23279e+06	3.25378e+06	3.38691e+06	3.63e+06	3.97856e+06	4.42536e+06	4.96052e+06	5.57237e+06	6.24748e+06	6.9831e+06	7.80739e+06	8.78229e+06	9.02604e+06	7.91014e+06	6.56606e+06	5.37488e+06	4.4183e+06	3.71301e+06	3.23542e+06	2.90113e+06	2.59708e+06	2.26284e+06	1.90445e+06	1.50539e+06	1.04278e+06	614961	308940	135074	52860.4	33317.5
18	33993.9	49538	114404	234368	423056	675409	966149	1.26163e+06	1.59161e+06	2.00202e+06	2.50225e+06	3.09387e+06	3.7606e+06	4.44857e+06	5.01772e+06	5.21172e+06	5.08567e+06	4.80978e+06	4.4556e+06	4.06933e+06	3.68385e+06	3.32222e+06	3.00157e+06	2.73435e+06	2.52989e+06	2.39488e+06	2.33347e+06	2.34796e+06	2.43847e+06	2.60291e+06	2.83712e+06	3.13462e+06	3.48654e+06	3.88094e+06	4.30223e+06	4.73034e+06	5.13273e+06	5.43416e+06	5.40967e+06	4.94058e+06	4.29548e+06	3.65253e+06	3.08905e+06	2.6334e+06	2.28402e+06	2.01188e+06	1.77581e+06	1.54761e+06	1.32135e+06	1.07443e+06	780250	488401	260597	120146	49034.1	31584.3
20.3494	31875.9	45659.9	102011	201227	348996	535793	739705	937306	1.1489e+06	1.40086e+06	1.69359e+06	2.02143e+06	2.36814e+06	2.70138e+06	2.96667e+06	3.1008e+06	3.09773e+06	2.9942e+06	2.82584e+06	2.62244e+06	2.40701e+06	2.19714e+06	2.00615e+06	1.84421e+06	1.71883e+06	1.63543e+06	1.59752e+06	1.6068e+06	1.66333e+06	1.76535e+06	1.90939e+06	2.09013e+06	2.29978e+06	2.52822e+06	2.76164e+06	2.98122e+06	3.15905e+06	3.25223e+06	3.20296e+06	2.99453e+06	2.69364e+06	2.36747e+06	2.05835e+06	1.7876e+06	1.56106e+06	1.37172e+06	1.20645e+06	1.05413e+06	910007	756231	571233	377817	214180	104469	44681.6	29501.8
23.5835	28896.5	40401.7	86145.2	161397	265590	388070	513182	627761	744675	877308	1.02368e+06	1.17866e+06	1.33337e+06	1.47421e+06	1.58422e+06	1.6479e+06	1.66035e+06	1.62739e+06	1.55992e+06	1.47016e+06	1.36932e+06	1.26709e+06	1.17143e+06	1.0887e+06	1.02377e+06	980221	960420	965466	995371	1.04888e+06	1.12361e+06	1.21588e+06	1.32053e+06	1.43096e+06	1.53859e+06	1.63281e+06	1.70042e+06	1.72678e+06	1.69977e+06	1.61883e+06	1.49889e+06	1.35953e+06	1.21702e+06	1.08214e+06	960042	851198	753346	663708	580510	492913	386941	271106	164642	85986.9	39056.8	26630.9
28.0354	24848.1	33615.9	67211.4	117664	181269	249663	314307	369894	423679	481675	542288	603029	660403	710147	747819	769844	774774	763505	738672	704088	663811	621789	581587	546222	518147	499177	490541	492812	505963	529339	561647	600968	644731	689731	732205	767902	792474	802006	794140	769130	730000	681341	627781	573148	519954	469498	422178	377851	336371	292454	238581	177203	116013	65664.7	32160.1	22825.1
34.1639	19710.1	25560.8	46948.2	75516.3	107628	138759	165738	187395	207179	227386	247316	266127	282823	296361	305786	310453	310083	304917	295642	283240	268919	253922	239480	226686	216467	209532	206368	207204	212029	220578	232324	246506	262167	278153	293207	306043	315463	320530	320676	315891	306636	293762	278260	261113	243129	224936	206941	189400	172489	154127	130905	103129	73088.7	45341.9	24345.9	18112.6
42.6002	13900.6	17163.6	28373.6	41337.1	54062.4	65023.2	73637.5	80029.6	85499.1	90723.1	95511.5	99656.9	102959	105232	106319	106162	104747	102181	98645.6	94390.8	89718.2	84954.5	80431.2	76453.8	73288.9	71149.4	70176.8	70441.1	71939.9	74591.9	78238.3	82654.8	87572.7	92672.1	97621.3	102105	105817	108528	110079	110406	109530	107544	104604	100876	96553	91789.7	86736.8	81522.3	76242.3	70248.2	62270.2	52091.1	40049.5	27470.9	16443.2	12885.3
54.2134	8388.28	9851.14	14414.3	18841.4	22531.7	25282.3	27187.7	28454.4	29433.5	30259.5	30905.4	31333.3	31519.4	31445.3	31102.1	30494.8	29645.1	28584	27363.4	26036.3	24674.2	23344.4	22120.9	21068.7	20243.2	19693.1	19449	19528.4	19928.6	20632.5	21605	22798	24153.1	25602.9	27079.5	28507.8	29826.7	30979	31920	32617.8	33054.6	33230.1	33146.6	32823.6	32284.5	31555.6	30664.4	29643.6	28516.6	27136.2	25143.5	22350.2	18650.7	14208.7	9608.06	7941.64
70.1998	4237.73	4750.92	6093.15	7127.65	7811.99	8212.18	8422.17	8521.12	8563.15	8562.57	8515.14	8418.98	8275.04	8082.98	7847.61	7572.52	7265.9	6935.75	6592.23	6247.27	5912.64	5601.43	5324.66	5093.25	4916.98	4803.46	4758.02	4783.08	4878.01	5040.06	5263.84	5541.82	5864.29	6220.09	6597.35	6982.85	7364.93	7732.8	8075.91	8385.77	8654.34	8877.77	9051.7	9176.24	9249.2	9272.65	9249.78	9181.96	9074.7	8907.6	8615.16	8121.55	7338.41	6205.11	4769.09	4150.9
80	2891.71	3146.79	3671.97	3960.15	4079.38	4104.54	4087.31	4055.51	4015.08	3963.5	3902.13	3831.09	3752.12	3666.24	3576.27	3483.69	3390.16	3298.14	3209.51	3127	3052.39	2987.67	2934.37	2894.11	2868.08	2857.48	2862.79	2884.05	2921.21	2973.67	3040.5	3120.59	3212.62	3314.37	3423.83	3539.3	3657.62	3777.06	3895.05	4009.6	4118.44	4218.83	4309.9	4389.97	4457.78	4511.89	4552.25	4578.16	4589.77	4585.07	4549.45	4450.12	4234.3	3834.77	3203.54	2876.56
