lambda_nm	Fp	T	eta	Ploss
500	129.943	1.25008	0.00962018	128.693
502	133.858	1.23349	0.00921493	132.624
504	137.278	1.20895	0.0088066	136.069
506	140.312	1.17852	0.00839926	139.134
508	143.094	1.14741	0.00801861	141.946
510	145.687	1.12123	0.00769617	144.566
512	148.033	1.1031	0.00745169	146.93
514	149.965	1.09218	0.00728295	148.872
516	151.271	1.08418	0.00716714	150.187
518	151.797	1.07345	0.00707164	150.723
520	151.509	1.0557	0.00696791	150.454
522	150.525	1.03	0.00684276	149.495
524	149.068	0.999194	0.00670293	148.069
526	147.394	0.968586	0.00657141	146.425
528	145.698	0.943635	0.00647665	144.754
530	144.06	0.92762	0.00643911	143.133
532	142.438	0.920389	0.00646168	141.518
534	140.711	0.918671	0.00652879	139.792
536	138.757	0.917809	0.0066145	137.839
538	136.531	0.914131	0.00669541	135.617
540	134.106	0.906952	0.00676297	133.199
542	131.67	0.899373	0.0068305	130.771
544	129.48	0.897521	0.00693175	128.582
546	127.78	0.908572	0.00711046	126.871
548	126.731	0.938325	0.0074041	125.792
550	126.368	0.989358	0.00782919	125.378
552	126.603	1.0605	0.00837659	125.543
554	127.276	1.14797	0.00901952	126.128
556	128.227	1.24771	0.00973048	126.98
558	129.38	1.35829	0.0104985	128.022
560	130.789	1.48311	0.0113397	129.306
562	132.65	1.63121	0.0122971	131.019
564	135.259	1.81624	0.0134278	133.443
566	138.941	2.05389	0.0147825	136.887
568	143.964	2.35861	0.0163833	141.606
570	150.478	2.74081	0.0182141	147.737
572	158.489	3.20571	0.0202268	155.283
574	167.889	3.75452	0.022363	164.135
576	178.53	4.38798	0.0245783	174.142
578	190.318	5.11158	0.0268581	185.206
580	203.306	5.941	0.029222	197.365
582	217.752	6.90613	0.0317155	210.846
584	234.117	8.05217	0.0343938	226.065
586	252.99	9.43664	0.0373005	243.553
588	274.958	11.1222	0.0404507	263.836
590	300.441	13.1663	0.0438232	287.274
592	329.518	15.6083	0.047367	313.91
594	361.794	18.4579	0.0510176	343.337
596	396.332	21.6855	0.0547154	374.647
598	431.669	25.2175	0.0584186	406.451
600	465.928	28.9375	0.0621073	436.99
602	497.006	32.6939	0.0657817	464.312
604	522.806	36.3124	0.0694568	486.494
606	541.489	39.6133	0.0731563	501.875
608	551.69	42.4291	0.0769075	509.261
610	552.683	44.6218	0.0807367	508.062
612	544.454	46.097	0.0846663	498.357
614	527.688	46.8117	0.0887109	480.876
616	503.665	46.7773	0.0928738	456.888
618	474.098	46.0557	0.0971439	428.042
620	440.919	44.7498	0.101492	396.169
622	406.071	42.9905	0.105869	363.081
624	371.314	40.922	0.110209	330.392
626	338.077	38.687	0.114432	299.39
628	307.375	36.4133	0.118466	270.962
630	279.783	34.2051	0.122256	245.578
632	255.471	32.1366	0.125793	223.335
634	234.284	30.2515	0.129123	204.033
636	215.845	28.5651	0.132341	187.28
638	199.664	27.0699	0.135577	172.594
640	185.244	25.7425	0.138966	159.501
642	172.151	24.5512	0.142614	147.6
644	160.071	23.463	0.146579	136.608
646	148.816	22.449	0.15085	126.367
648	138.322	21.4878	0.155347	116.834
650	128.609	20.5674	0.159922	108.041
652	119.746	19.6843	0.164384	100.062
654	111.807	18.842	0.168522	92.9651
656	104.833	18.048	0.172159	86.7851
658	98.8125	17.3112	0.175193	81.5013
660	93.6718	16.639	0.177631	77.0328
662	89.282	16.0353	0.179603	73.2467
664	85.4762	15.4994	0.18133	69.9768
666	82.0733	15.0262	0.183083	67.047
668	78.9029	14.6067	0.185123	64.2962
670	75.8279	14.2293	0.187653	61.5986
672	72.7589	13.8818	0.190792	58.8771
674	69.6607	13.5526	0.194551	56.1081
676	66.5492	13.2324	0.198837	53.3167
678	63.4805	12.9152	0.203451	50.5653
680	60.5354	12.5983	0.208115	47.9371
682	57.8004	12.2825	0.212498	45.5179
684	55.3504	11.9711	0.216278	43.3793
686	53.235	11.6692	0.219202	41.5658
688	51.4698	11.3825	0.221148	40.0873
690	50.0339	11.1159	0.222167	38.918
692	48.874	10.8732	0.222474	38.0008
694	47.913	10.6561	0.222404	37.257
696	47.062	10.4639	0.222342	36.5981
698	46.2329	10.294	0.222654	35.939
700	45.3513	10.142	0.223632	35.2093
702	44.3652	10.0027	0.225464	34.3624
704	43.2508	9.8705	0.228215	33.3803
706	42.0141	9.74019	0.231832	32.2739
708	40.6871	9.60775	0.236137	31.0793
710	39.3219	9.47064	0.240849	29.8513
712	37.9815	9.32802	0.245593	28.6535
714	36.7299	9.18069	0.249951	27.5492
716	35.6227	9.03086	0.253514	26.5919
718	34.6996	8.88166	0.255959	25.8179
720	33.9792	8.73669	0.257119	25.2425
722	33.4571	8.59946	0.25703	24.8576
724	33.1073	8.47289	0.255922	24.6344
726	32.8862	8.35893	0.254177	24.5273
728	32.7388	8.25837	0.25225	24.4804
730	32.6059	8.17073	0.250591	24.4351
732	32.4317	8.09442	0.249584	24.3373
734	32.1707	8.02691	0.24951	24.1437
736	31.7924	7.96511	0.250535	23.8273
738	31.2848	7.90574	0.252702	23.3791
740	30.6546	7.84572	0.255939	22.8089
742	29.9256	7.78251	0.260062	22.1431
744	29.1354	7.71437	0.264776	21.421
746	28.3298	7.64049	0.269698	20.6893
748	27.5573	7.56107	0.274376	19.9963
750	26.8633	7.47719	0.278342	19.3861
752	26.2846	7.39066	0.281178	18.894
754	25.8456	7.30377	0.282592	18.5418
756	25.5558	7.219	0.282479	18.3368
758	25.4093	7.13871	0.280949	18.2706
760	25.3855	7.06491	0.278305	18.3206
762	25.4524	6.99902	0.274985	18.4534
764	25.5698	6.94177	0.271483	18.628
766	25.6942	6.89308	0.268274	18.8011
768	25.7833	6.85216	0.265759	18.9312
770	25.8007	6.81759	0.264241	18.9831
772	25.7189	6.78745	0.263909	18.9315
774	25.5226	6.75961	0.264848	18.763
776	25.2092	6.73187	0.267041	18.4773
778	24.789	6.70221	0.270371	18.0868
780	24.2838	6.66901	0.274628	17.6147
782	23.7241	6.63113	0.27951	17.093
784	23.1462	6.58805	0.284628	16.5581
786	22.588	6.53986	0.289528	16.0481
788	22.0856	6.48727	0.293733	15.5983
790	21.6698	6.43146	0.296794	15.2383
792	21.363	6.37398	0.298365	14.989
794	21.1778	6.31662	0.298266	14.8612
796	21.1156	6.26115	0.296518	14.8544
798	21.1668	6.20925	0.293348	14.9576
800	21.3123	6.16228	0.289142	15.15
802	21.5249	6.12123	0.284379	15.4037
804	21.7725	6.08659	0.279554	15.6859
806	22.0204	6.05834	0.275124	15.962
808	22.235	6.03598	0.271463	16.199
810	22.3863	6.01855	0.268849	16.3678
812	22.4508	6.00477	0.267463	16.446
814	22.4128	5.99312	0.267397	16.4197
816	22.2659	5.98198	0.268661	16.284
818	22.0135	5.96979	0.271188	16.0437
820	21.6676	5.95515	0.274842	15.7124
822	21.2484	5.93694	0.279406	15.3115
824	20.7821	5.91439	0.284591	14.8677
826	20.2984	5.88716	0.290031	14.4112
828	19.8286	5.85532	0.295298	13.9732
830	19.4025	5.81935	0.299929	13.5831
832	19.0465	5.78009	0.303473	13.2664
834	18.7814	5.73865	0.305549	13.0428
836	18.6211	5.69635	0.305909	12.9247
838	18.5711	5.65455	0.304481	12.9166
840	18.6292	5.61463	0.301389	13.0145
842	18.7848	5.5778	0.296931	13.207
844	19.0207	5.54507	0.291529	13.4756
846	19.3139	5.51718	0.285659	13.7967
848	19.6377	5.4945	0.279794	14.1432
850	19.9636	5.47706	0.274352	14.4866
852	20.2635	5.46455	0.269675	14.7989
854	20.5114	5.45634	0.266015	15.055
856	20.6855	5.45151	0.263543	15.234
858	20.7695	5.44896	0.262353	15.3206
860	20.7538	5.44747	0.262481	15.3063
862	20.6357	5.4458	0.263902	15.1899
864	20.4197	5.44273	0.266544	14.9769
866	20.117	5.43721	0.270279	14.6798
868	19.7448	5.42836	0.274927	14.3164
870	19.3246	5.41558	0.280242	13.909
872	18.8813	5.39852	0.285919	13.4828
874	18.4411	5.37718	0.291587	13.0639
876	18.0298	5.35182	0.296832	12.6779
878	17.6713	5.32298	0.301222	12.3483
880	17.3861	5.29144	0.304349	12.0947
882	17.19	5.25815	0.305884	11.9319
884	17.0931	5.22418	0.30563	11.869
886	17.0995	5.19065	0.303555	11.9089
888	17.2069	5.15863	0.2998	12.0483
890	17.4069	5.12914	0.294661	12.2777
892	17.6856	5.10301	0.28854	12.5826
894	18.0247	5.0809	0.281885	12.9438
896	18.4024	5.06324	0.27514	13.3391
898	18.7947	5.05018	0.268702	13.7445
900	19.1771	5.04164	0.262899	14.1354
