lambda_nm	Fp	T	eta	Ploss
500	538.377	1.8937	0.00351742	536.484
502	549.772	1.87225	0.00340551	547.9
504	559.271	1.84044	0.00329078	557.431
506	567.292	1.81075	0.00319192	565.481
508	574.211	1.79306	0.00312265	572.418
510	579.95	1.78528	0.00307834	578.165
512	584.033	1.7754	0.0030399	582.258
514	586.059	1.75225	0.00298988	584.307
516	586.127	1.71502	0.00292603	584.412
518	584.847	1.67335	0.00286117	583.173
520	582.936	1.63849	0.00281076	581.298
522	580.758	1.61381	0.0027788	579.144
524	578.177	1.59235	0.00275408	576.585
526	574.838	1.56321	0.00271939	573.275
528	570.595	1.52083	0.00266535	569.074
530	565.741	1.46949	0.00259746	564.272
532	560.853	1.41975	0.00253141	559.433
534	556.386	1.38009	0.00248046	555.006
536	552.356	1.35061	0.00244518	551.005
538	548.343	1.3235	0.00241363	547.02
540	543.815	1.28966	0.0023715	542.525
542	538.503	1.24602	0.00231386	537.257
544	532.563	1.19808	0.00224965	531.365
546	526.401	1.15596	0.00219596	525.245
548	520.299	1.12714	0.00216634	519.172
550	514.123	1.11145	0.00216184	513.011
552	507.32	1.10178	0.00217177	506.219
554	499.216	1.08996	0.00218334	498.126
556	489.402	1.07333	0.00219314	488.329
558	477.977	1.05743	0.00221229	476.92
560	465.481	1.05283	0.0022618	464.429
562	452.59	1.06852	0.00236089	451.521
564	439.769	1.1064	0.00251587	438.663
566	427.114	1.16082	0.00271782	425.954
568	414.462	1.22349	0.00295199	413.239
570	401.684	1.29062	0.00321302	400.393
572	388.962	1.36745	0.00351563	387.594
574	376.864	1.46713	0.003893	375.397
576	366.158	1.60439	0.00438169	364.553
578	357.478	1.78791	0.00500146	355.69
580	351.044	2.01643	0.0057441	349.028
582	346.596	2.28128	0.00658197	344.315
584	343.594	2.57444	0.00749267	341.02
586	341.578	2.89756	0.00848287	338.68
588	340.473	3.26658	0.00959423	337.207
590	340.696	3.70879	0.0108859	336.987
592	342.978	4.25338	0.0124013	338.724
594	348.021	4.92061	0.0141388	343.1
596	356.17	5.71582	0.016048	350.455
598	367.281	6.63273	0.018059	360.648
600	380.865	7.66566	0.0201269	373.2
602	396.457	8.82535	0.0222606	387.632
604	414.002	10.1508	0.0245188	403.851
606	434.087	11.7104	0.0269771	422.377
608	457.884	13.5908	0.0296818	444.293
610	486.817	15.8778	0.0326156	470.939
612	522.127	18.6388	0.0356978	503.488
614	564.548	21.9169	0.038822	542.631
616	614.264	25.7427	0.0419082	588.522
618	671.21	30.1626	0.0449376	641.048
620	735.576	35.2734	0.0479535	700.303
622	808.285	41.2483	0.0510319	767.036
624	891.156	48.3371	0.0542409	842.819
626	986.578	56.8323	0.0576055	929.745
628	1096.67	66.9999	0.061094	1029.67
630	1222.13	78.9878	0.0646312	1143.14
632	1361.1	92.7339	0.0681314	1268.37
634	1508.48	107.901	0.0715296	1400.58
636	1655.86	123.857	0.074799	1532
638	1792.42	139.717	0.0779489	1652.7
640	1906.41	154.445	0.0810131	1751.97
642	1987.11	166.987	0.0840354	1820.12
644	2026.62	176.433	0.0870574	1850.19
646	2021.33	182.144	0.0901106	1839.19
648	1972.43	183.848	0.0932092	1788.58
650	1885.58	181.67	0.0963468	1703.91
652	1769.84	176.088	0.0994937	1593.75
654	1635.99	167.848	0.102598	1468.14
656	1494.81	157.838	0.105591	1336.97
658	1355.55	146.947	0.108404	1208.6
660	1224.94	135.959	0.110993	1088.98
662	1106.85	125.465	0.113354	981.382
664	1002.49	115.834	0.115545	886.661
666	911.14	107.217	0.117674	803.923
668	830.936	99.5975	0.119862	731.339
670	759.758	92.8482	0.122208	666.91
672	695.809	86.7986	0.124745	609.01
674	637.923	81.2883	0.127427	556.634
676	585.579	76.2009	0.130129	509.378
678	538.694	71.4762	0.132684	467.218
680	497.323	67.1027	0.134928	430.22
682	461.383	63.0983	0.136759	398.284
684	430.484	59.4869	0.138186	370.997
686	403.908	56.2787	0.139336	347.629
688	380.706	53.4575	0.140417	327.248
690	359.886	50.9799	0.141655	308.907
692	340.605	48.7817	0.143221	291.823
694	322.308	46.7911	0.145175	275.517
696	304.786	44.942	0.147454	259.844
698	288.136	43.1855	0.149879	244.951
700	272.649	41.4959	0.152195	231.153
702	258.653	39.87	0.154145	218.783
704	246.377	38.3219	0.155542	208.055
706	235.857	36.8742	0.156342	198.983
708	226.904	35.5479	0.156665	191.357
710	219.15	34.3551	0.156765	184.795
712	212.132	33.2944	0.156951	178.837
714	205.402	32.3507	0.157499	173.052
716	198.633	31.4984	0.158576	167.135
718	191.674	30.7076	0.160207	160.967
720	184.57	29.9496	0.162267	154.62
722	177.521	29.2037	0.164508	148.317
724	170.815	28.4592	0.166608	142.356
726	164.738	27.7171	0.16825	137.021
728	159.493	26.9876	0.169208	132.506
730	155.151	26.2861	0.169422	128.865
732	151.629	25.629	0.169024	126
734	148.716	25.0288	0.168299	123.687
736	146.123	24.4912	0.167606	121.632
738	143.554	24.0137	0.167279	119.541
740	140.77	23.5865	0.167554	117.183
742	137.636	23.1947	0.168522	114.441
744	134.149	22.8214	0.170119	111.328
746	130.427	22.4514	0.172138	107.975
748	126.67	22.0741	0.174264	104.596
750	123.117	21.6848	0.176132	101.432
752	119.98	21.2855	0.177409	98.6947
754	117.405	20.8837	0.177878	96.5212
756	115.434	20.4902	0.177506	94.9439
758	114.004	20.1165	0.176455	93.8872
760	112.959	19.7724	0.175041	93.1863
762	112.089	19.4637	0.173646	92.6248
764	111.172	19.1914	0.172629	91.9803
766	110.021	18.9515	0.172253	91.0697
768	108.52	18.7358	0.172648	89.7846
770	106.643	18.5339	0.173794	88.1092
772	104.454	18.3351	0.175532	86.1194
774	102.094	18.1301	0.177583	83.9638
776	99.7444	17.9132	0.179591	81.8313
778	97.5939	17.6823	0.181183	79.9116
780	95.7987	17.4399	0.182047	78.3588
782	94.4536	17.1915	0.18201	77.2621
784	93.5757	16.9452	0.181085	76.6306
786	93.1032	16.7093	0.17947	76.3939
788	92.9087	16.4912	0.177499	76.4175
790	92.825	16.2961	0.175557	76.5289
792	92.6759	16.1258	0.174002	76.5502
794	92.3085	15.9788	0.173102	76.3297
796	91.6191	15.8505	0.173004	75.7686
798	90.57	15.7343	0.173725	74.8357
800	89.1938	15.6223	0.17515	73.5715
802	87.5854	15.5073	0.177053	72.0781
804	85.8835	15.3832	0.179117	70.5003
806	84.2453	15.2467	0.18098	68.9986
808	82.8193	15.0971	0.182289	67.7222
810	81.7203	14.9364	0.182775	66.7839
812	81.011	14.7691	0.18231	66.2418
814	80.6931	14.6012	0.180948	66.0919
816	80.7085	14.4391	0.178904	66.2694
818	80.9499	14.2886	0.176512	66.6612
820	81.2791	14.1542	0.174143	67.1249
822	81.5499	14.0381	0.172141	67.5118
824	81.631	13.9403	0.170772	67.6907
826	81.4256	13.8583	0.170196	67.5673
828	80.8858	13.7879	0.170461	67.098
830	80.0184	13.7235	0.171504	66.2949
832	78.8823	13.6594	0.173161	65.2229
834	77.5786	13.5901	0.175178	63.9885
836	76.2342	13.5115	0.177236	62.7227
838	74.9827	13.4212	0.17899	61.5616
840	73.9444	13.3188	0.180119	60.6256
842	73.2091	13.206	0.180388	60.0031
844	72.8243	13.0862	0.179695	59.7381
846	72.7886	12.9638	0.178101	59.8249
848	73.0537	12.8438	0.175813	60.2099
850	73.5316	12.7312	0.17314	60.8003
852	74.1075	12.63	0.170428	61.4775
854	74.6564	12.5427	0.168006	62.1137
856	75.0601	12.4704	0.166139	62.5897
858	75.2228	12.4123	0.165007	62.8105
860	75.0833	12.366	0.164696	62.7174
862	74.6226	12.3278	0.165202	62.2948
864	73.8654	12.2934	0.16643	61.572
866	72.8757	12.2582	0.168206	60.6175
868	71.7482	12.2178	0.170287	59.5304
870	70.5952	12.169	0.172377	58.4263
872	69.5324	12.1096	0.174157	57.4228
874	68.664	12.039	0.175333	56.6249
876	68.07	11.9583	0.175676	56.1117
878	67.7969	11.8695	0.175074	55.9274
880	67.8525	11.776	0.173553	56.0765
882	68.2059	11.6818	0.171272	56.5241
884	68.7915	11.5909	0.168494	57.2005
886	69.5174	11.5072	0.16553	58.0102
888	70.277	11.4335	0.162693	58.8435
890	70.9616	11.372	0.160255	59.5896
892	71.4726	11.3231	0.158425	60.1496
894	71.7332	11.2863	0.157337	60.4469
896	71.6962	11.2596	0.157046	60.4365
898	71.3491	11.2403	0.157539	60.1088
900	70.7149	11.2248	0.158733	59.4902
