Analytical (Mie, radial dipole, a=15.874 nm, gap=5.0 nm, JC gold) vs FDTD case D
Fp_max  Mie = 771.0 @ 506 nm | FDTD raw = 658.7 @ 508 nm | FDTD/B-corrected = 679.2 @ 508 nm
T_max   Mie = 6.58 @ 530 nm | FDTD raw = 6.03 @ 532 nm | corrected = 6.06 @ 532 nm
eta at Fp-peak: Mie 0.67 % | FDTD 0.76 %
ratio FDTD/Mie of Fp at 508, 532, 610 nm: 0.86, 1.00, 0.91
ratio FDTD/Mie of T  at 508, 532, 610 nm: 0.94, 0.92, 0.92

lambda_nm	Fp_mie	T_mie	Fp_fdtd	T_fdtd
500	760.494	4.7059	636.331	4.4182
502	766.476	4.8643	645.298	4.5734
504	770.013	5.0287	652.052	4.7295
506	770.952	5.1985	656.537	4.8842
508	769.164	5.3726	658.738	5.0354
510	764.543	5.5498	658.672	5.1810
512	757.015	5.7287	656.391	5.3190
514	746.541	5.9078	651.976	5.4478
516	733.117	6.0852	645.536	5.5659
518	716.780	6.2592	637.201	5.6719
520	697.605	6.4276	627.119	5.7651
522	673.061	6.5246	615.454	5.8446
524	645.733	6.5539	602.376	5.9101
526	618.769	6.5726	588.063	5.9615
528	592.277	6.5816	572.694	5.9989
530	566.347	6.5819	556.446	6.0226
532	541.051	6.5743	539.492	6.0333
534	516.444	6.5599	521.997	6.0317
536	492.569	6.5394	504.115	6.0188
538	469.456	6.5137	485.992	5.9957
540	447.122	6.4836	467.760	5.9634
542	425.578	6.4497	449.538	5.9232
544	404.824	6.4127	431.431	5.8764
546	384.856	6.3732	413.533	5.8241
548	365.663	6.3316	395.923	5.7677
550	348.972	6.2811	378.669	5.7083
552	333.769	6.2275	361.828	5.6470
554	319.268	6.1746	345.443	5.5848
556	305.435	6.1223	329.552	5.5226
558	292.236	6.0709	314.183	5.4613
560	279.639	6.0205	299.354	5.4015
562	267.610	5.9711	285.080	5.3438
564	256.122	5.9228	271.369	5.2887
566	245.145	5.8755	258.225	5.2364
568	234.652	5.8294	245.649	5.1874
570	224.617	5.7845	233.637	5.1415
572	215.015	5.7407	222.186	5.0989
574	205.824	5.6980	211.288	5.0596
576	197.022	5.6565	200.935	5.0233
578	188.588	5.6161	191.118	4.9900
580	180.503	5.5769	181.827	4.9593
582	172.747	5.5387	173.051	4.9311
584	166.421	5.4964	164.778	4.9050
586	160.429	5.4553	156.995	4.8806
588	154.706	5.4158	149.689	4.8578
590	149.235	5.3777	142.846	4.8361
592	144.000	5.3410	136.451	4.8153
594	138.989	5.3055	130.489	4.7952
596	134.188	5.2713	124.941	4.7754
598	129.586	5.2383	119.791	4.7558
600	125.171	5.2065	115.019	4.7362
602	120.932	5.1757	110.607	4.7164
604	116.860	5.1459	106.533	4.6964
606	112.946	5.1171	102.777	4.6760
608	109.181	5.0893	99.317	4.6553
610	105.558	5.0624	96.131	4.6341
612	102.069	5.0363	93.196	4.6126
614	98.707	5.0110	90.490	4.5908
616	95.465	4.9866	87.992	4.5688
618	92.588	4.9633	85.678	4.5466
620	89.984	4.9410	83.529	4.5243
622	87.467	4.9194	81.523	4.5021
624	85.032	4.8985	79.642	4.4801
626	82.675	4.8781	77.868	4.4584
628	80.393	4.8583	76.184	4.4371
630	78.181	4.8391	74.576	4.4164
632	76.038	4.8204	73.028	4.3963
634	73.959	4.8023	71.531	4.3769
636	71.941	4.7846	70.075	4.3583
638	69.983	4.7674	68.650	4.3407
640	68.082	4.7507	67.250	4.3239
642	66.234	4.7344	65.872	4.3081
644	64.438	4.7186	64.511	4.2933
646	62.691	4.7031	63.167	4.2794
648	60.992	4.6881	61.839	4.2666
650	59.338	4.6734	60.528	4.2546
652	57.727	4.6591	59.236	4.2436
654	56.159	4.6452	57.967	4.2333
656	54.630	4.6316	56.724	4.2239
658	53.139	4.6183	55.511	4.2151
660	51.900	4.6052	54.333	4.2069
662	51.312	4.5920	53.194	4.1993
664	50.740	4.5791	52.099	4.1920
666	50.184	4.5665	51.052	4.1851
668	49.645	4.5542	50.058	4.1785
670	49.120	4.5422	49.121	4.1719
672	48.610	4.5305	48.242	4.1655
674	48.113	4.5191	47.425	4.1591
676	47.630	4.5079	46.671	4.1525
678	47.160	4.4970	45.981	4.1459
680	46.703	4.4864	45.355	4.1390
682	46.257	4.4760	44.792	4.1319
684	45.823	4.4658	44.291	4.1245
686	45.401	4.4559	43.848	4.1168
688	44.989	4.4462	43.460	4.1088
690	44.587	4.4367	43.125	4.1005
692	44.196	4.4274	42.837	4.0918
694	43.815	4.4183	42.591	4.0829
696	43.443	4.4094	42.383	4.0737
698	43.080	4.4006	42.205	4.0642
700	42.726	4.3921	42.053	4.0546
702	42.380	4.3837	41.921	4.0447
704	42.043	4.3755	41.803	4.0348
706	41.864	4.3670	41.692	4.0248
708	41.736	4.3586	41.584	4.0148
710	41.612	4.3503	41.474	4.0048
712	41.493	4.3422	41.355	3.9950
714	41.378	4.3342	41.225	3.9853
716	41.268	4.3265	41.079	3.9758
718	41.161	4.3188	40.914	3.9665
720	41.059	4.3114	40.728	3.9576
722	40.961	4.3041	40.519	3.9490
724	40.867	4.2969	40.286	3.9407
726	40.776	4.2899	40.027	3.9329
728	40.690	4.2830	39.744	3.9256
730	40.606	4.2762	39.436	3.9186
732	40.527	4.2696	39.106	3.9122
734	40.450	4.2631	38.756	3.9062
736	40.377	4.2567	38.387	3.9008
738	40.308	4.2504	38.003	3.8957
740	40.241	4.2443	37.607	3.8912
742	40.177	4.2382	37.203	3.8871
744	40.117	4.2323	36.795	3.8834
746	40.059	4.2265	36.386	3.8801
748	40.004	4.2207	35.981	3.8771
750	39.952	4.2151	35.584	3.8745
752	39.903	4.2096	35.200	3.8722
754	39.857	4.2042	34.831	3.8701
756	39.813	4.1988	34.483	3.8682
758	39.792	4.1930	34.158	3.8664
760	39.773	4.1872	33.861	3.8648
762	39.757	4.1815	33.593	3.8632
764	39.743	4.1760	33.358	3.8617
766	39.731	4.1705	33.157	3.8601
768	39.721	4.1651	32.992	3.8585
770	39.713	4.1599	32.865	3.8567
772	39.708	4.1547	32.775	3.8548
774	39.704	4.1496	32.723	3.8528
776	39.702	4.1446	32.709	3.8505
778	39.702	4.1397	32.732	3.8480
780	39.704	4.1349	32.789	3.8453
782	39.708	4.1301	32.881	3.8422
784	39.714	4.1255	33.004	3.8390
786	39.722	4.1209	33.156	3.8354
788	39.731	4.1164	33.333	3.8315
790	39.742	4.1119	33.533	3.8273
792	39.754	4.1076	33.752	3.8229
794	39.769	4.1033	33.987	3.8181
796	39.785	4.0991	34.233	3.8131
798	39.802	4.0949	34.487	3.8079
800	39.822	4.0908	34.745	3.8024
802	39.842	4.0868	35.002	3.7967
804	39.864	4.0828	35.255	3.7908
806	39.888	4.0789	35.500	3.7848
808	39.913	4.0751	35.734	3.7787
810	39.940	4.0713	35.952	3.7725
812	39.968	4.0676	36.152	3.7662
814	39.998	4.0639	36.330	3.7599
816	40.029	4.0603	36.485	3.7536
818	40.061	4.0567	36.613	3.7473
820	40.094	4.0532	36.713	3.7412
822	40.077	4.0495	36.783	3.7351
824	39.999	4.0457	36.823	3.7292
826	39.925	4.0419	36.831	3.7235
828	39.852	4.0381	36.806	3.7180
830	39.782	4.0344	36.750	3.7127
832	39.715	4.0308	36.663	3.7077
834	39.650	4.0272	36.545	3.7029
836	39.588	4.0237	36.397	3.6985
838	39.528	4.0202	36.222	3.6944
840	39.470	4.0168	36.021	3.6905
842	39.414	4.0134	35.797	3.6871
844	39.361	4.0101	35.551	3.6839
846	39.310	4.0068	35.287	3.6812
848	39.261	4.0036	35.008	3.6787
850	39.214	4.0005	34.718	3.6767
852	39.169	3.9973	34.418	3.6749
854	39.125	3.9943	34.113	3.6735
856	39.084	3.9912	33.807	3.6724
858	39.045	3.9882	33.503	3.6717
860	39.008	3.9853	33.204	3.6712
862	38.972	3.9824	32.914	3.6710
864	38.939	3.9795	32.637	3.6710
866	38.907	3.9767	32.375	3.6713
868	38.877	3.9739	32.133	3.6717
870	38.848	3.9711	31.913	3.6724
872	38.821	3.9684	31.717	3.6732
874	38.796	3.9657	31.549	3.6741
876	38.773	3.9631	31.412	3.6751
878	38.751	3.9605	31.306	3.6762
880	38.730	3.9579	31.233	3.6773
882	38.711	3.9554	31.196	3.6784
884	38.694	3.9529	31.196	3.6795
886	38.678	3.9504	31.233	3.6805
888	38.664	3.9480	31.307	3.6814
890	38.651	3.9456	31.419	3.6823
892	38.642	3.9432	31.569	3.6830
894	38.794	3.9407	31.756	3.6835
896	38.946	3.9381	31.980	3.6839
898	39.098	3.9357	32.239	3.6840
900	39.251	3.9332	32.532	3.6839